3055	99.95163262599472	100.0	99.95884937238496	98.51500347018664	chlorophyta	453.00397877984085	307.0	1517	242	1508	.99406723796967699406	43184818	57878649	1.34025455427414328804	GCF_000002595.2_Chlamydomonas_reinhardtii_v5.5_cds_from_genomic.fna	GCA_013389655.1_ASM1338965v1_genomic.fna
3055	99.97311206896552	100.0	99.9694058577406	98.56450804919878	chlorophyta	454.6996021220159	307.0	1517	242	1508	.99406723796967699406	43184818	57417499	1.32957603294750483839	GCF_000002595.2_Chlamydomonas_reinhardtii_v5.5_cds_from_genomic.fna	GCA_018257845.1_ASM1825784v1_genomic.fna
3075	99.70612876712337	99.7955	99.70351709401707	99.58537070990923	chlorophyta	388.86095890410957	336.0	1484	234	1441	.97102425876010781671	8316428	5307955	.63824937821862944042	GCF_000733215.1_ASM73321v1_cds_from_genomic.fna	GCA_002154875.1_AuxProt1.0_genomic.fna
3075	99.90574594594592	100.0	99.87720940170941	99.78334370687307	chlorophyta	425.5141891891892	359.0	1484	234	1461	.98450134770889487870	8316428	7266602	.87376479421213049641	GCF_000733215.1_ASM73321v1_cds_from_genomic.fna	GCA_003709365.1_ASM370936v1_genomic.fna
3562	99.90538782608704	100.0	99.91171951219513	99.37017075279212	eudicots	674.7465217391305	412.0	2313	255	2291	.99048854301772589710	44747523	29769666	.66528075755165263561	GCF_002007265.1_ASM200726v1_cds_from_genomic.fna	GCA_000510995.2_Spinach-1.0.3_genomic.fna
3562	99.91070775261318	100.0	99.90606147540986	98.67235361480881	eudicots	673.9163763066202	412.0	2313	255	2287	.98875918720276696930	44747523	38176284	.85314854187571455072	GCF_002007265.1_ASM200726v1_cds_from_genomic.fna	GCA_019972175.1_SOL_r1.1_genomic.fna
3562	99.9063021332172	100.0	99.91828163265308	96.27873256353287	eudicots	676.7688289072704	412.0	2313	255	2287	.98875918720276696930	44747523	78191572	1.74739442002186355655	GCF_002007265.1_ASM200726v1_cds_from_genomic.fna	GCA_020520425.1_BTI_SOV_V1_genomic.fna
3635	99.73657444933912	100.0	99.68085774058575	96.99302985832945	eudicots	658.0198237885462	402.0	2325	255	2268	.97548387096774193548	151917548	120072007	.79037615193736539244	GCF_007990345.1_Gossypium_hirsutum_v2.1_cds_from_genomic.fna	GCA_000987745.1_ASM98774v1_genomic.fna
3635	99.93126594360088	100.0	99.92068852459015	96.41695817380652	eudicots	663.0581344902386	404.0	2325	255	2304	.99096774193548387096	151917548	145008104	.95451846023739140392	GCF_007990345.1_Gossypium_hirsutum_v2.1_cds_from_genomic.fna	GCA_006980745.1_ASM698074v1_genomic.fna
3635	99.95551041666663	100.0	99.92697540983607	96.55861274163708	eudicots	665.6388888888889	406.0	2325	255	2303	.99053763440860215053	151917548	141561259	.93182954085067249768	GCF_007990345.1_Gossypium_hirsutum_v2.1_cds_from_genomic.fna	GCA_006980775.1_ASM698077v1_genomic.fna
3635	99.95437830802604	100.0	99.92812295081968	96.29918131750459	eudicots	665.5401301518439	406.0	2325	255	2304	.99096774193548387096	151917548	150658379	.99171149734459905843	GCF_007990345.1_Gossypium_hirsutum_v2.1_cds_from_genomic.fna	GCA_018997965.1_ASM1899796v1_genomic.fna
3635	99.9528296392872	100.0	99.91936475409837	96.23255075923039	eudicots	666.5401999130813	407.0	2325	255	2300	.98924731182795698924	151917548	152379701	1.00304213045881967499	GCF_007990345.1_Gossypium_hirsutum_v2.1_cds_from_genomic.fna	GCA_021461685.1_ASM2146168v1_genomic.fna
3635	99.9566906724511	100.0	99.92647346938776	96.29926808805662	eudicots	666.8238611713666	407.0	2325	255	2304	.99096774193548387096	151917548	151438751	.99684831011095571395	GCF_007990345.1_Gossypium_hirsutum_v2.1_cds_from_genomic.fna	GCA_021461695.1_ASM2146169v1_genomic.fna
3656	99.84173397296117	100.0	99.85310612244898	98.79951592513207	eudicots	660.0889664195378	399.0	2320	255	2282	.98362068965517241379	41538133	28676430	.69036396026754500497	GCF_000313045.1_ASM31304v1_cds_from_genomic.fna	GCA_011762645.1_UTNaro_melon_Harukei-3_ver1.40_genomic.fna
3656	99.83416959578207	100.0	99.83645306122447	98.81795441679309	eudicots	653.2956942003515	396.0	2320	255	2265	.97629310344827586206	41538133	27974821	.67347323963741942855	GCF_000313045.1_ASM31304v1_cds_from_genomic.fna	GCA_020920055.1_TAD_pseudomol_v1.0_genomic.fna
3656	99.82179762428507	100.0	99.84498770491803	98.81652246608924	eudicots	650.8169819621645	395.0	2320	255	2262	.97500000000000000000	41538133	27992212	.67389191517105499180	GCF_000313045.1_ASM31304v1_cds_from_genomic.fna	GCA_020920065.1_DUL_pseudomol_v1.0_genomic.fna
3656	99.97956955952898	100.0	99.9688211382114	98.99345732860078	eudicots	662.6659398168339	401.0	2320	255	2282	.98362068965517241379	41538133	28553811	.68741199803082146229	GCF_000313045.1_ASM31304v1_cds_from_genomic.fna	GCA_902497455.1_Melonv4_genomic.fna
3656	99.8879642077696	100.0	99.88723983739838	98.88142872988767	eudicots	658.9851593190747	397.0	2320	255	2280	.98275862068965517241	41538133	28320679	.68179951660321372652	GCF_000313045.1_ASM31304v1_cds_from_genomic.fna	GCA_014525375.1_ASM1452537v1_genomic.fna
3656	99.82335214348193	100.0	99.86031020408164	98.87801400542884	eudicots	653.3040244969379	395.5	2320	255	2275	.98060344827586206896	41538133	27967021	.67328546037444677641	GCF_000313045.1_ASM31304v1_cds_from_genomic.fna	GCA_009760825.1_ASM976082v1_genomic.fna
3656	99.8849708568943	100.0	99.87059109311741	99.25853212184647	eudicots	660.6624619399739	399.0	2320	255	2288	.98620689655172413793	41538133	26439783	.63651832883293045452	GCF_000313045.1_ASM31304v1_cds_from_genomic.fna	GCA_005549215.1_ASM554921v1_genomic.fna
3656	99.88924194952139	100.0	99.89555691056911	99.27088770436637	eudicots	659.9599651871192	399.0	2320	255	2287	.98577586206896551724	41538133	26188241	.63046264019617829236	GCF_000313045.1_ASM31304v1_cds_from_genomic.fna	GCA_005549225.1_ASM554922v1_genomic.fna
3673	99.96900087527357	100.0	99.9722235772358	98.387402474682	eudicots	653.742669584245	391.0	2310	254	2273	.98398268398268398268	40172148	33501644	.83395202068856263299	GCF_001995035.1_ASM199503v1_cds_from_genomic.fna	GCA_013281855.1_Mcharantia_2.0_genomic.fna
3673	99.58128659070977	99.676	99.65201639344261	98.93620636938542	eudicots	648.8330411919369	390.0	2310	254	2270	.98268398268398268398	40172148	25798215	.64219157511816395777	GCF_001995035.1_ASM199503v1_cds_from_genomic.fna	GCA_900491585.1_M._spontanea_TR_genomic.fna
3708	99.35774165745856	100.0	99.25425514403294	98.68834621737258	brassicales	665.6132596685082	453.0	4591	254	4516	.98366368982792419952	153808386	93029978	.60484334059652638185	GCF_000686985.2_Bra_napus_v2.0_cds_from_genomic.fna	GCA_000751015.1_AST_PRJEB5043_v1_genomic.fna
3708	99.32768356953062	100.0	99.06706250000002	98.86190428194988	brassicales	657.7843224092117	449.0	4591	254	4507	.98170333260727510346	153808386	89116579	.57940000098564196623	GCF_000686985.2_Bra_napus_v2.0_cds_from_genomic.fna	GCA_014170575.1_ASM1417057v1_genomic.fna
3708	99.401288737051	100.0	99.36132921810697	97.34621778755042	brassicales	669.5437513775622	456.0	4591	254	4528	.98627749945545632759	153808386	134648350	.87542918498605141074	GCF_000686985.2_Bra_napus_v2.0_cds_from_genomic.fna	GCA_020379485.1_Da-Ae_genomic.fna
3711	98.82549933891568	99.1405	98.7038893442623	97.83000197682304	brassicales	643.0899074482151	434.0	4595	255	4531	.98607181719260065288	80198194	48782466	.60827387210240669509	GCF_000309985.2_CAAS_Brap_v3.01_cds_from_genomic.fna	GCA_003434825.1_Brassica_rapa_FPsc_v1.3_genomic.fna
3711	99.01490158172214	99.419	98.93375203252043	97.58546731755918	brassicales	658.9384885764499	443.0	4595	255	4545	.98911860718171926006	80198194	61911056	.77197568813083247236	GCF_000309985.2_CAAS_Brap_v3.01_cds_from_genomic.fna	GCA_016163755.1_ASM1616375v1_genomic.fna
3711	98.83022759226746	99.149	98.76033469387758	97.2660779229302	brassicales	648.4000439367311	438.0	4595	255	4545	.98911860718171926006	80198194	66068428	.82381441158138797988	GCF_000309985.2_CAAS_Brap_v3.01_cds_from_genomic.fna	GCA_900412535.3_brapa_z1_v2_genomic.fna
3711	98.8484509371551	99.142	98.69701632653067	98.11438495155721	brassicales	642.0635060639471	436.0	4595	255	4528	.98541893362350380848	80198194	51974793	.64807934452987806683	GCF_000309985.2_CAAS_Brap_v3.01_cds_from_genomic.fna	GCA_018901965.1_BRT_1.0_genomic.fna
3711	99.4426733436058	100.0	99.41360082304527	98.28766269724923	brassicales	663.6178736517719	450.0	4595	255	4536	.98715995647442872687	80198194	50145596	.62527088826962861532	GCF_000309985.2_CAAS_Brap_v3.01_cds_from_genomic.fna	GCA_008629595.1_ASM862959v1_genomic.fna
3711	98.82666169045001	99.138	98.88966666666664	97.3861641767316	brassicales	650.1811196487376	437.0	4595	255	4548	.98977149075081610446	80198194	60291849	.75178562001034586888	GCF_000309985.2_CAAS_Brap_v3.01_cds_from_genomic.fna	GCA_017639395.1_SCU_BraROA_2.3_genomic.fna
3712	99.33468147822266	99.6825	99.2779674796748	96.9951205900504	brassicales	660.3374395072591	446.5	4591	255	4536	.98802003920714441298	70564635	67624794	.95833832343921285782	GCF_000695525.1_BOL_cds_from_genomic.fna	GCA_900416815.2_Brassica_oleracea_HDEM_genomic.fna
3712	99.29303466432667	99.669	99.12820731707316	98.4791347010673	brassicales	662.5680122860904	445.0	4591	255	4548	.99063384883467654105	70564635	52140500	.73890412669179115005	GCF_000695525.1_BOL_cds_from_genomic.fna	GCA_000604025.1_BOL_v1.0_genomic.fna
3712	99.28813974471834	99.66	99.10613008130079	96.78446173135012	brassicales	661.2139084507043	447.0	4591	255	4534	.98758440426922239163	70564635	71459437	1.01268060126719283675	GCF_000695525.1_BOL_cds_from_genomic.fna	GCA_018177695.1_Cabbage_OX-heart_923_BVRC_genomic.fna
3712	99.30276209322797	99.656	99.17365587044536	96.71694676331987	brassicales	663.490325417766	447.0	4591	255	4538	.98845567414506643432	70564635	73039286	1.03506928080900581431	GCF_000695525.1_BOL_cds_from_genomic.fna	GCA_902726615.1_bol-D134-Reference_genomic.fna
3750	99.25287651006713	99.813	98.98214049586775	97.76210121784014	eudicots	648.7078299776286	398.0	2317	255	2226	.96072507552870090634	72592266	49500863	.68190271123372839745	GCF_002114115.1_ASM211411v1_cds_from_genomic.fna	GCA_000148765.2_MalDomGD1.0_genomic.fna
3750	99.47916166883957	99.832	99.3365564516129	96.34819664832249	eudicots	661.4828335506302	411.0	2317	255	2291	.98877859300820025895	72592266	66580735	.91718772079659284916	GCF_002114115.1_ASM211411v1_cds_from_genomic.fna	GCA_004115385.1_ASM411538v1_genomic.fna
3750	99.08165054249541	99.6265	99.06734710743801	96.55457827250511	eudicots	647.9751356238698	397.5	2317	255	2203	.95079844626672421234	72592266	54960029	.75710584650987475718	GCF_002114115.1_ASM211411v1_cds_from_genomic.fna	GCA_916048125.1_drMalDome10.1_alternate_haplotype_genomic.fna
3750	99.41577714784113	99.691	99.30169512195121	96.4445525596598	eudicots	661.884430876581	406.0	2317	255	2283	.98532585239533880017	72592266	65982169	.90894213165903927010	GCF_002114115.1_ASM211411v1_cds_from_genomic.fna	GCA_916050505.1_drMalDome10.1_genomic.fna
3750	99.46240444057464	99.739	99.35757317073164	96.25190022718925	eudicots	662.1676099259904	406.0	2317	255	2288	.98748381527837721191	72592266	66443472	.91529684443243581898	GCF_002114115.1_ASM211411v1_cds_from_genomic.fna	GCA_916612005.1_drMalDome11.1_genomic.fna
3750	99.28061281708936	99.715	99.26113934426236	96.5598130500834	eudicots	657.9283489096573	403.0	2317	255	2238	.96590418644799309451	72592266	58932167	.81182432023819176549	GCF_002114115.1_ASM211411v1_cds_from_genomic.fna	GCA_916614045.1_drMalDome11.1_alternate_haplotype_genomic.fna
3750	99.25197360178976	99.763	99.24196311475406	96.76901477487519	eudicots	653.9051454138703	404.0	2317	255	2227	.96115666810530858869	72592266	57189469	.78781765815107631438	GCF_002114115.1_ASM211411v1_cds_from_genomic.fna	GCA_916614085.1_drMalDome58.1_alternate_haplotype_genomic.fna
3750	99.14999728752252	99.7325	98.88156097560973	97.02266902042074	eudicots	658.9547920433996	400.5	2317	255	2203	.95079844626672421234	72592266	54494326	.75069052121888576945	GCF_002114115.1_ASM211411v1_cds_from_genomic.fna	GCA_916614885.1_drMalDome5.1_alternate_haplotype_genomic.fna
3750	99.4650969009165	99.753	99.39166129032259	96.44263237769582	eudicots	662.2623308598866	411.0	2317	255	2282	.98489425981873111782	72592266	66282475	.91307901863815630166	GCF_002114115.1_ASM211411v1_cds_from_genomic.fna	GCA_916615275.1_drMalDome58.1_genomic.fna
3750	99.47643584167031	99.768	99.4115668016194	96.36189566575733	eudicots	660.2792518486299	406.0	2317	255	2290	.98834700043159257660	72592266	66779782	.91992970711232516147	GCF_002114115.1_ASM211411v1_cds_from_genomic.fna	GCA_916615385.1_drMalDome5.1_genomic.fna
3755	99.70020928157076	99.889	99.59932244897965	97.96311446824592	eudicots	569.1160196340919	372.0	2314	254	2226	.96197061365600691443	49362134	35324345	.71561624544028019534	GCF_902201215.1_ALMONDv2_cds_from_genomic.fna	GCA_008632915.2_ASM863291v2_genomic.fna
3755	99.74110524017465	99.903	99.6820569105691	97.24635495529641	eudicots	665.4340611353712	403.0	2314	254	2275	.98314606741573033707	49362134	48416451	.98084193442690301841	GCF_902201215.1_ALMONDv2_cds_from_genomic.fna	GCA_021292205.1_OSU_Pdulci_2.0_genomic.fna
3760	99.95517376194616	100.0	99.80241295546558	99.0269718256251	eudicots	674.0668983492615	414.5	2322	255	2299	.99009474590869939707	48056645	33111040	.68900024127776710171	GCF_000346465.2_Prunus_persica_NCBIv2_cds_from_genomic.fna	GCA_000218175.1_PrunusPersicaDD_1.0_genomic.fna
3760	99.94887597571561	100.0	99.80283400809718	99.0675340233335	eudicots	673.3538594969644	414.5	2322	255	2303	.99181739879414298018	48056645	32484503	.67596277268211295232	GCF_000346465.2_Prunus_persica_NCBIv2_cds_from_genomic.fna	GCA_000218195.1_PrunusPersicaGB_1.0_genomic.fna
3760	99.94863952982155	100.0	99.83665587044534	99.10937785640205	eudicots	673.5672616456247	412.0	2322	255	2294	.98794142980189491817	48056645	32039901	.66671114889522562384	GCF_000346465.2_Prunus_persica_NCBIv2_cds_from_genomic.fna	GCA_000218215.1_PrunusPersicaF8_1.0_genomic.fna
3760	99.9204047826087	100.0	99.76164777327936	96.88985210214797	eudicots	671.5608695652174	412.5	2322	255	2297	.98923341946597760551	48056645	49894901	1.03825185882202138746	GCF_000346465.2_Prunus_persica_NCBIv2_cds_from_genomic.fna	GCA_015730445.1_ASM1573044v1_genomic.fna
3760	99.88157384882706	100.0	99.75586991869922	96.72281103874771	eudicots	674.2693310165074	414.0	2322	255	2299	.99009474590869939707	48056645	51512966	1.07192181226966634895	GCF_000346465.2_Prunus_persica_NCBIv2_cds_from_genomic.fna	GCA_018340835.1_ASM1834083v1_genomic.fna
3760	99.92670858629668	100.0	99.84461943319839	99.43815379322713	eudicots	670.5112749349523	414.0	2322	255	2303	.99181739879414298018	48056645	29035535	.60419396734832404550	GCF_000346465.2_Prunus_persica_NCBIv2_cds_from_genomic.fna	GCA_019209885.1_ASM1920988v1_genomic.fna
3760	99.92598308026032	100.0	99.7883238866397	96.87823556541396	eudicots	667.3223427331887	411.0	2322	255	2302	.99138673557278208440	48056645	51112198	1.06358232040542988383	GCF_000346465.2_Prunus_persica_NCBIv2_cds_from_genomic.fna	GCA_020226405.1_GTY_assembly_genomic.fna
3818	99.94605578668676	100.0	99.88149593495935	95.36561668717704	fabales	658.2575642965204	454.0	5340	255	5271	.98707865168539325842	138249726	178660495	1.29230270590192706783	GCF_003086295.2_arahy.Tifrunner.gnm1.KYV3_cds_from_genomic.fna	GCA_003713155.1_ASM371315v1_genomic.fna
3818	99.95207701040671	100.0	99.91802868852459	95.38051242480516	fabales	658.279848628193	455.0	5340	255	5268	.98651685393258426966	138249726	179360412	1.29736540671335580079	GCF_003086295.2_arahy.Tifrunner.gnm1.KYV3_cds_from_genomic.fna	GCA_004170445.1_ASM417044v1_genomic.fna
3818	99.89907282381945	100.0	99.87676734693878	95.53668677216095	fabales	647.7401858524559	452.0	5340	255	5256	.98426966292134831460	138249726	147352041	1.06583966032598140556	GCF_003086295.2_arahy.Tifrunner.gnm1.KYV3_cds_from_genomic.fna	GCA_016103905.1_Haihua1_v1_genomic.fna
3818	98.4927041284404	99.8695	99.66059090909093	95.30360064446788	fabales	517.1766055045872	343.0	5340	255	434	.08127340823970037453	138249726	10543040	.07626083830357826531	GCF_003086295.2_arahy.Tifrunner.gnm1.KYV3_cds_from_genomic.fna	GCA_019914975.1_ASM1991497v1_genomic.fna
3818	99.95346565752115	100.0	99.91029268292682	96.45492875433625	fabales	657.2456007568591	453.0	5340	255	5268	.98651685393258426966	138249726	135778170	.98212252514699378138	GCF_003086295.2_arahy.Tifrunner.gnm1.KYV3_cds_from_genomic.fna	GCA_019915045.1_ASM1991504v1_genomic.fna
3821	99.95800417853751	100.0	99.94474390243901	99.69656356374153	fabales	645.3390313390313	444.0	5351	255	5253	.98168566623061110072	56934884	31888700	.56009071696712335446	GCF_000340665.1_C.cajan_V1.0_cds_from_genomic.fna	GCA_000230855.2_Pigeonpea-Version-2.0_genomic.fna
3821	99.98016077838662	100.0	99.97248582995951	98.85876662983407	fabales	644.0117135839788	445.0	5351	255	5281	.98691833302186507194	56934884	42644038	.74899666081694308888	GCF_000340665.1_C.cajan_V1.0_cds_from_genomic.fna	GCA_015227855.1_Cajanus_cajan_v3.0_genomic.fna
3827	99.94619917168687	100.0	99.82856504065036	98.04416936112965	fabales	649.3044051204819	447.0	5358	255	5295	.98824188129899216125	49718034	40992997	.82450961355390681779	GCF_000331145.1_ASM33114v1_cds_from_genomic.fna	GCA_000347275.4_ASM34727v4_genomic.fna
3827	99.96697073815368	100.0	99.84549795918366	97.96652251421207	fabales	637.3243345289786	443.0	5358	255	5280	.98544232922732362821	49718034	44198132	.88897585934311079154	GCF_000331145.1_ASM33114v1_cds_from_genomic.fna	GCA_002896005.2_CDCFrontier_v0.5_genomic.fna
3827	99.85523060663708	100.0	99.79195945945945	97.59121737546647	fabales	624.3690551680406	430.0	5358	255	4716	.88017917133258678611	49718034	40764806	.81991991075109687563	GCF_000331145.1_ASM33114v1_cds_from_genomic.fna	GCA_006151565.1_ASM615156v1_genomic.fna
3827	99.83855858714057	100.0	99.76580909090907	97.57463815101131	fabales	620.2485194585448	432.0	5358	255	4710	.87905935050391937290	49718034	40756981	.81976252319228873772	GCF_000331145.1_ASM33114v1_cds_from_genomic.fna	GCA_006345785.1_ASM634578v1_genomic.fna
3848	99.79027088846883	100.0	99.69930081300812	98.92523712485645	fabales	600.1487712665406	400.0	5356	255	5279	.98562359970126960418	96804095	60222528	.62210723626929212033	GCF_004193775.1_ASM419377v2_cds_from_genomic.fna	GCA_000722935.2_W05v1.0_genomic.fna
3848	99.8374811391927	100.0	99.8041544715447	97.5571945001251	fabales	650.4524707657488	447.5	5356	255	5291	.98786407766990291262	96804095	85859070	.88693634293053408536	GCF_004193775.1_ASM419377v2_cds_from_genomic.fna	GCA_002907465.1_glyso.PI483463.gnm1_genomic.fna
3848	99.81335513666382	100.0	99.74902032520322	97.38941280714478	fabales	650.254288407163	447.0	5356	255	5294	.98842419716206123973	96804095	88541142	.91464252622784191102	GCF_004193775.1_ASM419377v2_cds_from_genomic.fna	GCA_014282345.1_WHFS_GsojaF_1.0_genomic.fna
3871	99.96230264409354	100.0	99.93405263157898	99.67226370524077	fabales	643.6498002663116	442.0	5337	255	5222	.97845231403410155518	76889955	41842591	.54418800219092337874	GCF_001865875.1_LupAngTanjil_v1.0_cds_from_genomic.fna	GCA_000338175.1_Lupin_genome_scaffold_genomic.fna
3871	99.92328585252562	100.0	99.80880912863073	98.83693605761482	fabales	649.4031352815947	446.0	5337	255	5132	.96158890762600712010	76889955	51341860	.66773169525200008245	GCF_001865875.1_LupAngTanjil_v1.0_cds_from_genomic.fna	GCA_002285895.2_ASM228589v2_genomic.fna
3880	99.96509433962264	100.0	99.9233076923077	95.88743240711928	fabales	658.257358490566	452.0	5357	255	5296	.98861302968079148777	61463578	68526386	1.11491045965465921948	GCF_003473485.1_MtrunA17r5.0-ANR_cds_from_genomic.fna	GCA_000219495.2_MedtrA17_4.0_genomic.fna
3880	99.22883276772248	99.399	99.41689024390239	95.40195761579791	fabales	627.8878205128206	435.0	5357	255	5300	.98935971625910024267	61463578	61081050	.99377634670080547539	GCF_003473485.1_MtrunA17r5.0-ANR_cds_from_genomic.fna	GCA_002024945.1_R108_v._1.0_genomic.fna
3880	99.70064104984903	99.859	99.79677642276421	97.10619365253953	fabales	646.6601208459215	445.0	5357	255	5292	.98786634310248273287	61463578	51227864	.83346700057064689595	GCF_003473485.1_MtrunA17r5.0-ANR_cds_from_genomic.fna	GCA_002251925.1_hm034.alpaca.scaffolds_genomic.fna
3880	99.21139969459824	99.394	99.36454132231397	96.48874207738805	fabales	623.8936820003818	432.0	5357	255	5235	.97722605936158297554	61463578	50469609	.82113034486863098012	GCF_003473485.1_MtrunA17r5.0-ANR_cds_from_genomic.fna	GCA_002251935.1_hm340.alpaca.scaffolds_genomic.fna
3880	99.79631538608923	100.0	99.72686938775514	97.25262119425945	fabales	650.9436673692278	447.0	5357	255	5215	.97349262647003920104	61463578	50355391	.81927204107772573864	GCF_003473485.1_MtrunA17r5.0-ANR_cds_from_genomic.fna	GCA_002251955.1_hm056.alpaca.scaffolds_genomic.fna
3885	99.62672310007508	99.811	99.61773170731709	97.07003004563418	fabales	637.7042889390519	439.0	5356	254	5303	.99010455563853622106	41198894	44504629	1.08023844038143354042	GCF_000499845.1_PhaVulg1_0_cds_from_genomic.fna	GCA_001517995.1_phasIbeam10.0_genomic.fna
3885	99.60884496707413	99.795	99.64174285714292	96.9521770210312	fabales	637.1766698024459	439.0	5356	254	5302	.98991784914115011202	41198894	43341277	1.05200098332736796283	GCF_000499845.1_PhaVulg1_0_cds_from_genomic.fna	GCA_015708805.1_OAC-Rex_P_vulgaris_genomic.fna
3885	99.90360259544865	100.0	99.86426639344262	99.05033928661383	fabales	643.5204062441226	443.0	5356	254	5304	.99029126213592233009	41198894	33332763	.80906936482324015785	GCF_000499845.1_PhaVulg1_0_cds_from_genomic.fna	GCA_016509735.1_ASM1650973v1_genomic.fna
3885	99.62218541548876	99.81	99.62033877551022	98.86498448619696	fabales	635.3448275862069	438.0	5356	254	5294	.98842419716206123973	41198894	32402872	.78649858901552065936	GCF_000499845.1_PhaVulg1_0_cds_from_genomic.fna	GCA_016509755.1_ASM1650975v1_genomic.fna
3914	99.96411001330038	100.0	99.94915384615383	98.01784340371891	fabales	652.6558996769903	447.0	5348	255	5245	.98074046372475691847	53235438	47369200	.88980577186196908908	GCF_001190045.1_Vigan1.1_cds_from_genomic.fna	GCA_016808095.1_ASM1680809v1_genomic.fna
3914	99.85432211640212	100.0	99.77870588235295	99.29912268408933	fabales	612.7293121693122	416.0	5348	255	4709	.88051608077786088257	53235438	27733681	.52096276544207262838	GCF_001190045.1_Vigan1.1_cds_from_genomic.fna	GCA_000465365.1_Vigna_angularis_genomic.fna
3914	99.95975226415095	100.0	99.93363967611333	98.89590699738794	fabales	649.9911320754717	447.0	5348	255	5282	.98765893792071802543	53235438	37946006	.71279597624424542163	GCF_001190045.1_Vigan1.1_cds_from_genomic.fna	GCA_001723775.1_ASM172377v1_genomic.fna
3914	99.96096002262871	100.0	99.94357258064515	98.08039611106572	fabales	651.5065057514614	446.0	5348	255	5285	.98821989528795811518	53235438	46632082	.87595939381582621711	GCF_001190045.1_Vigan1.1_cds_from_genomic.fna	GCA_004320505.1_Vangularis_v1_genomic.fna
3917	99.94286894856278	100.0	99.83393495934962	99.33171853940736	fabales	539.3596822995462	393.0	5348	255	5272	.98578908002991772625	59169565	24182097	.40869147846532250152	GCF_004118075.1_ASM411807v1_cds_from_genomic.fna	GCA_001687525.1_Cowpea_0.03_genomic.fna
3917	99.59985484481427	99.721	99.62610483870965	97.83004272645489	fabales	602.861279333838	426.0	5348	255	5268	.98504113687359760658	59169565	41977193	.70943893199147230506	GCF_004118075.1_ASM411807v1_cds_from_genomic.fna	GCA_019650155.1_Vund_1.0_genomic.fna
3981	99.76183093681921	100.0	99.72130204081631	99.42061003734128	eudicots	650.993899782135	398.0	2323	255	2294	.98751614291863969005	82948810	38406599	.46301567195478753703	GCF_001654055.1_ASM165405v1_cds_from_genomic.fna	GCA_000340545.1_Hevbra_1.0_genomic.fna
3981	99.74646599825616	100.0	99.6630204081633	99.10839768723378	eudicots	654.2092414995641	398.0	2323	255	2292	.98665518725785622040	82948810	43310029	.52212960017147925328	GCF_001654055.1_ASM165405v1_cds_from_genomic.fna	GCA_001907995.1_ASM190799v1_genomic.fna
3981	99.4058251685393	99.958	99.24365690376574	97.88845329802632	eudicots	577.3303370786517	377.0	2323	255	2223	.95695221696082651743	82948810	41676104	.50243160812071927252	GCF_001654055.1_ASM165405v1_cds_from_genomic.fna	GCA_002003025.1_HbrasiliensisBPM24_01_genomic.fna
3981	99.63790524017463	100.0	99.56280894308942	96.61810357859176	eudicots	532.3729257641921	367.0	2323	255	2289	.98536375376668101592	82948810	79514472	.95859689849679579490	GCF_001654055.1_ASM165405v1_cds_from_genomic.fna	GCA_010458925.1_ASM1045892v1_genomic.fna
3983	99.70542932396837	99.9065	99.75226938775513	99.20881243588663	eudicots	644.8059701492538	393.0	2323	255	2277	.98019801980198019801	74072508	33852179	.45701407869165169890	GCF_001659605.2_M.esculenta_v8_cds_from_genomic.fna	GCA_000737115.1_MK_v2b_genomic.fna
3983	99.76995202791103	100.0	99.84339430894312	97.11329246318806	eudicots	663.3493240296555	404.0	2323	255	2292	.98665518725785622040	74072508	93432171	1.26136097619375868844	GCF_001659605.2_M.esculenta_v8_cds_from_genomic.fna	GCA_003957885.1_ASM395788v1_genomic.fna
3983	99.7240545613269	100.0	99.81372764227643	97.24420815870818	eudicots	647.7590571802706	397.0	2323	255	2290	.98579423159707275075	74072508	82115685	1.10858518520798566723	GCF_001659605.2_M.esculenta_v8_cds_from_genomic.fna	GCA_003957995.1_ASM395799v1_genomic.fna
3983	99.63245837104057	99.843	99.49846861924688	97.36635722024805	eudicots	656.3054298642534	401.5	2323	255	2209	.95092552733534222987	74072508	63306960	.85466202926462271265	GCF_001659605.2_M.esculenta_v8_cds_from_genomic.fna	GCA_013618965.1_ASM1361896v1_genomic.fna
3983	99.67403487358324	99.8775	99.78009349593496	97.49183925201058	eudicots	667.221883173496	404.0	2323	255	2293	.98708566508824795523	74072508	70548466	.95242442715723895834	GCF_001659605.2_M.esculenta_v8_cds_from_genomic.fna	GCA_020916425.1_hifiasm152_l3.hic.hap2.p_ctg_genomic.fna
3983	99.66013054830275	99.8575	99.73378137651825	97.26427906242347	eudicots	663.5892080069626	402.0	2323	255	2297	.98880757640981489453	74072508	77825376	1.05066478915497231442	GCF_001659605.2_M.esculenta_v8_cds_from_genomic.fna	GCA_020916445.1_hifiasm152_l3.hic.hap1.p_ctg_genomic.fna
3983	98.48000357941827	98.639	98.31212863070537	97.52871692237957	eudicots	640.4120805369128	392.0	2323	255	2234	.96168747309513560051	74072508	31718703	.42821154374845792989	GCF_001659605.2_M.esculenta_v8_cds_from_genomic.fna	GCA_000737105.1_MW_v2d_genomic.fna
4072	99.83728467646553	100.0	99.76533471074382	93.98091496952887	solanales	682.5848960973137	464.0	5948	252	5904	.99260255548083389374	57755305	89648512	1.55221259761332746835	GCF_000710875.1_Pepper_Zunla_1_Ref_v1.0_cds_from_genomic.fna	GCA_000512255.2_ASM51225v2_genomic.fna
4072	99.84244525177425	100.0	99.7848099173554	94.67549435199898	solanales	689.5094626563028	471.0	5948	252	5903	.99243443174176193678	57755305	71838965	1.24385049996705930303	GCF_000710875.1_Pepper_Zunla_1_Ref_v1.0_cds_from_genomic.fna	GCA_002878395.2_UCD10Xv1.0_genomic.fna
4072	99.8447586206896	100.0	99.7781069958848	98.2306918440276	solanales	692.3487153482082	472.0	5948	252	5901	.99209818426361802286	57755305	41102625	.71166839132786157046	GCF_000710875.1_Pepper_Zunla_1_Ref_v1.0_cds_from_genomic.fna	GCA_011745845.1_SNU_ECW_1.0_genomic.fna
4072	99.84878725920919	100.0	99.76930165289258	98.19705655065435	solanales	690.929030077729	471.5	5948	252	5903	.99243443174176193678	57755305	41484728	.71828428574656475279	GCF_000710875.1_Pepper_Zunla_1_Ref_v1.0_cds_from_genomic.fna	GCA_011745865.1_SNU_SF_1.0_genomic.fna
4072	99.86902113986125	100.0	99.79419087136928	93.45898482624987	solanales	693.4791138170134	472.0	5948	252	5898	.99159381304640215198	57755305	118335643	2.04891382705017313993	GCF_000710875.1_Pepper_Zunla_1_Ref_v1.0_cds_from_genomic.fna	GCA_021292125.1_Ca_59_1.0_genomic.fna
4072	99.76685402201527	99.913	99.70904583333332	95.05842866241284	solanales	687.6292972057578	469.0	5948	252	5890	.99024882313382649630	57755305	67304147	1.16533272571238261143	GCF_000710875.1_Pepper_Zunla_1_Ref_v1.0_cds_from_genomic.fna	GCA_000950795.1_Pepper_Chiltepin_Ref_v1.0_genomic.fna
4081	99.8799437192382	100.0	99.7879708737864	99.16784113045297	solanales	611.4947571153434	424.0	5947	255	4666	.78459727593744745249	53559523	21285338	.39741462970086570785	GCF_000188115.4_SL3.0_cds_from_genomic.fna	GCA_000181095.1_ASM18109v1_genomic.fna
4081	99.94217547711534	100.0	99.85764227642275	97.68777340117497	solanales	693.2433710521872	472.0	5947	255	5914	.99445098368925508659	53559523	45426891	.84815712417752488198	GCF_000188115.4_SL3.0_cds_from_genomic.fna	GCA_002954035.1_ASM295403v1_genomic.fna
4081	99.91198107788479	100.0	99.80989024390244	97.56143835553432	solanales	692.2665990876837	471.0	5947	255	5912	.99411467967042206154	53559523	47413698	.88525243213984560691	GCF_000188115.4_SL3.0_cds_from_genomic.fna	GCA_012431665.1_SLYMIC_genomic.fna
4081	99.95729031165308	100.0	99.85933061224492	97.69662989231125	solanales	695.0623306233063	472.0	5947	255	5897	.99159239952917437363	53559523	44859956	.83757198509777616951	GCF_000188115.4_SL3.0_cds_from_genomic.fna	GCA_900008105.1_V100_genomic.fna
4081	99.95499138513503	100.0	99.86702032520324	97.57538282041607	solanales	694.3055743243243	473.0	5947	255	5914	.99445098368925508659	53559523	47948100	.89523015356204721987	GCF_000188115.4_SL3.0_cds_from_genomic.fna	GCA_915070445.1_MbTMVv1_genomic.fna
4081	99.8338132091447	100.0	99.76833196721313	98.2146384658965	solanales	672.4982218458933	457.0	5947	255	5898	.99176055153859088616	53559523	39871208	.74442798902447282810	GCF_000188115.4_SL3.0_cds_from_genomic.fna	GCA_016860505.2_SLYcer_r1.1_genomic.fna
4097	99.8112817904374	100.0	99.67740408163266	99.47940065562861	solanales	672.7572058324856	471.0	5950	255	5896	.99092436974789915966	104878522	64602420	.61597378345968681747	GCF_000715135.1_Ntab-TN90_cds_from_genomic.fna	GCA_000715075.1_Ntab-K326_genomic.fna
4097	99.7844775967414	100.0	99.67313061224493	99.48304862494075	solanales	670.147488119484	468.0	5950	255	5890	.98991596638655462184	104878522	64189458	.61203625657501161200	GCF_000715135.1_Ntab-TN90_cds_from_genomic.fna	GCA_000715095.1_Ntab-BX_genomic.fna
4097	99.86694719918748	100.0	99.75661885245901	99.19769785972011	solanales	676.1091555254696	473.0	5950	255	5907	.99277310924369747899	104878522	68519119	.65331888449000072674	GCF_000715135.1_Ntab-TN90_cds_from_genomic.fna	GCA_002210045.1_Nitab4.5_genomic.fna
4146	99.46474001774628	99.797	99.4071570247934	98.70874766086354	eudicots	649.7590949423247	396.0	2288	253	2224	.97202797202797202797	73349679	46355217	.63197573093673661475	GCF_002742605.1_O_europaea_v1_cds_from_genomic.fna	GCA_900603015.1_OE6_genomic.fna
4146	99.46484478935704	99.797	99.4071570247934	98.31973777192958	eudicots	649.849667405765	396.0	2288	253	2225	.97246503496503496503	73349679	50056636	.68243837849651666505	GCF_002742605.1_O_europaea_v1_cds_from_genomic.fna	GCA_902713445.1_OLEA9_genomic.fna
4182	99.83057248585118	100.0	99.81823886639675	99.49548275767829	eudicots	651.638659120592	394.0	2314	255	2294	.99135695764909248055	49892190	27141008	.54399311796094739477	GCF_000512975.1_S_indicum_v1.0_cds_from_genomic.fna	GCA_000975565.1_ASM97556v1_genomic.fna
4182	99.94246666666669	100.0	99.83073790322581	99.50561080036634	eudicots	648.9128540305011	392.0	2314	255	2292	.99049265341400172860	49892190	29207360	.58540945987738762319	GCF_000512975.1_S_indicum_v1.0_cds_from_genomic.fna	GCA_001692995.1_S_indicum_Yuzhi11_v1_genomic.fna
4182	99.94317782608698	100.0	99.85827016129033	99.68102918749068	eudicots	654.4682608695653	395.0	2314	255	2297	.99265341400172860847	49892190	29069719	.58265069142084161869	GCF_000512975.1_S_indicum_v1.0_cds_from_genomic.fna	GCA_003268515.1_ASM326851v1_genomic.fna
4236	99.95803294321632	100.0	99.9657836734694	99.49949546136585	eudicots	654.2956220199393	406.0	2320	254	2304	.99310344827586206896	61338053	34670006	.56522834202122457326	GCF_002870075.2_Lsat_Salinas_v7_cds_from_genomic.fna	GCA_000227445.1_Legassy_V2_genomic.fna
4236	99.03523974763395	100.0	98.99397311827956	98.46446163007052	eudicots	586.9097791798107	356.0	2320	254	1582	.68189655172413793103	61338053	28330850	.46188049040291513654	GCF_002870075.2_Lsat_Salinas_v7_cds_from_genomic.fna	GCA_900198505.1_Lsativa_genomic.fna
4236	99.49966582021322	100.0	99.49156682027643	98.92086027199672	eudicots	631.9928897917724	385.0	2320	254	1966	.84741379310344827586	61338053	35882496	.58499567959876391903	GCF_002870075.2_Lsat_Salinas_v7_cds_from_genomic.fna	GCA_900243165.1_Salat_v21_genomic.fna
4432	99.92284065244668	100.0	99.78658943089428	99.43419037674502	embryophyta	613.4981179422836	374.0	1609	254	1594	.99067743940335612181	55880116	32960328	.58984000677450275872	GCF_000365185.1_Chinese_Lotus_1.1_cds_from_genomic.fna	GCA_000805495.1_Nelumbo_nucifera_v1.1_genomic.fna
4432	99.94244827586205	100.0	99.81097959183671	98.48625738729207	embryophyta	623.8670846394984	378.0	1609	254	1595	.99129894344313238036	55880116	38773447	.69386840571340259923	GCF_000365185.1_Chinese_Lotus_1.1_cds_from_genomic.fna	GCA_003033685.1_ASM303368v1_genomic.fna
4432	99.92269516027656	100.0	99.78571836734692	98.2775470857944	embryophyta	613.7347580138278	374.0	1609	254	1591	.98881292728402734617	55880116	40184156	.71911368258433822864	GCF_000365185.1_Chinese_Lotus_1.1_cds_from_genomic.fna	GCA_003033695.1_ASM303369v1_genomic.fna
4432	99.94085436283736	100.0	99.80812601626015	98.18028271254343	embryophyta	623.180790960452	377.0	1609	254	1593	.99005593536357986326	55880116	41458542	.74191939759037007009	GCF_000365185.1_Chinese_Lotus_1.1_cds_from_genomic.fna	GCA_014319735.1_ASM1431973v1_genomic.fna
4442	99.26177400625251	99.468	99.3839221311475	94.14623738746909	eudicots	591.1080839660563	386.0	2300	253	2233	.97086956521739130434	92944709	167050461	1.79731006527762650803	GCF_004153795.1_AHAU_CSS_1_cds_from_genomic.fna	GCA_013676235.1_HZAU_G240_1.0_genomic.fna
4442	99.06067557932279	99.259	99.19616942148761	93.96841419299828	eudicots	627.2647058823529	396.0	2300	253	2238	.97304347826086956521	92944709	188142809	2.02424442471491303501	GCF_004153795.1_AHAU_CSS_1_cds_from_genomic.fna	GCA_020536515.1_ASM2053651v1_genomic.fna
4442	99.02744959857255	99.2285	99.21335390946501	93.93082668614788	eudicots	619.2172167707404	391.0	2300	253	2236	.97217391304347826086	92944709	186978430	2.01171677238776442884	GCF_004153795.1_AHAU_CSS_1_cds_from_genomic.fna	GCA_020536595.1_ASM2053659v1_genomic.fna
4442	99.10707174688055	99.3115	99.22452459016391	93.94498865285325	eudicots	618.7985739750445	390.0	2300	253	2238	.97304347826086956521	92944709	188077333	2.02353996288266392872	GCF_004153795.1_AHAU_CSS_1_cds_from_genomic.fna	GCA_020536565.1_ASM2053656v1_genomic.fna
4442	98.85032098214273	99.0535	99.08984836065568	93.87203722661734	eudicots	614.9575892857143	390.5	2300	253	2234	.97130434782608695652	92944709	186428272	2.00579757584694788812	GCF_004153795.1_AHAU_CSS_1_cds_from_genomic.fna	GCA_020536795.1_ASM2053679v1_genomic.fna
4442	99.12120321572124	99.317	99.2197049180328	93.95726324192849	eudicots	623.8025904421617	392.0	2300	253	2233	.97086956521739130434	92944709	187900221	2.02163439986669924374	GCF_004153795.1_AHAU_CSS_1_cds_from_genomic.fna	GCA_020536855.1_ASM2053685v1_genomic.fna
4442	99.08614928698768	99.278	99.21836885245904	93.9479307886527	eudicots	615.9505347593583	387.5	2300	253	2238	.97304347826086956521	92944709	187399535	2.01624747676599858954	GCF_004153795.1_AHAU_CSS_1_cds_from_genomic.fna	GCA_020536865.1_ASM2053686v1_genomic.fna
4442	99.39930080213895	99.642	99.41953688524579	94.0488789909627	eudicots	644.7887700534759	395.5	2300	253	2238	.97304347826086956521	92944709	189139371	2.03496651971872869062	GCF_004153795.1_AHAU_CSS_1_cds_from_genomic.fna	GCA_017311205.1_ASM1731120v1_genomic.fna
4442	98.99434121320263	99.1945	99.22796311475409	93.89299281281872	eudicots	620.7453166815343	392.5	2300	253	2236	.97217391304347826086	92944709	187506059	2.01739357750853789859	GCF_004153795.1_AHAU_CSS_1_cds_from_genomic.fna	GCA_020536495.1_ASM2053649v1_genomic.fna
4442	99.04630423162604	99.265	99.16427049180328	93.93535791693029	eudicots	618.2365256124722	392.0	2300	253	2239	.97347826086956521739	92944709	187447008	2.01675824279572492932	GCF_004153795.1_AHAU_CSS_1_cds_from_genomic.fna	GCA_020536555.1_ASM2053655v1_genomic.fna
4558	99.84510704691066	100.0	99.84207346938776	98.54476703281061	poales	667.8390163256871	458.0	4887	255	4835	.98935952527112748107	54929721	41826500	.76145480513181561581	GCF_000003195.3_Sorghum_bicolor_NCBIv3_cds_from_genomic.fna	GCA_003482435.1_Corteva_Sorghum_ONT_TX430_1.0_genomic.fna
4558	99.59382346491239	100.0	99.46067231638415	98.9628007101619	poales	264.7091557017544	228.0	4887	255	3644	.74565172907714344178	54929721	17233751	.31374182657872957337	GCF_000003195.3_Sorghum_bicolor_NCBIv3_cds_from_genomic.fna	GCA_008000285.1_ASM800028v1_genomic.fna
4558	99.84431909599837	100.0	99.85906910569105	98.14377071157242	poales	666.366576819407	457.0	4887	255	4819	.98608553304685901370	54929721	46639148	.84906945003416274406	GCF_000003195.3_Sorghum_bicolor_NCBIv3_cds_from_genomic.fna	GCA_015952705.1_SbicolorRio_v2_genomic.fna
4558	99.86049267285867	100.0	99.86876923076925	98.12926782951891	poales	668.0716202270382	460.0	4887	255	4841	.99058727235522815633	54929721	47904321	.87210202651493532981	GCF_000003195.3_Sorghum_bicolor_NCBIv3_cds_from_genomic.fna	GCA_903166285.1_TX2783_genomic.fna
4558	99.86645788604464	100.0	99.84991093117408	98.13323527626191	poales	670.3699421965318	461.0	4887	255	4840	.99038264784121137712	54929721	47528995	.86526918642095414975	GCF_000003195.3_Sorghum_bicolor_NCBIv3_cds_from_genomic.fna	GCA_903166325.1_TX436_genomic.fna
4615	99.63847835180937	99.923	99.71558704453443	98.83076698919224	poales	612.578540054382	410.0	4843	255	4690	.96840801156308073508	50418231	30469730	.60433952948488018153	GCF_001540865.1_ASM154086v1_cds_from_genomic.fna	GCA_001661175.1_ACMD2v1.0_genomic.fna
4615	99.98439024390247	100.0	99.98350202429151	98.81283658760802	poales	640.6078799249531	428.0	4843	255	4706	.97171174891596118108	50418231	34051189	.67537452870966456558	GCF_001540865.1_ASM154086v1_cds_from_genomic.fna	GCA_902162155.2_F153.v0709_genomic.fna
15368	99.78221619950544	100.0	99.74721632653055	99.34214088497865	poales	632.0799670239077	424.0	4887	254	4841	.99058727235522815633	54285240	29070894	.53552114718475961421	GCF_000005505.3_Brachypodium_distachyon_v3.0_cds_from_genomic.fna	GCA_001742125.1_ASM174212v1_genomic.fna
15368	99.8705118483412	100.0	99.85434008097165	99.45640502953142	poales	651.3597774572429	442.0	4887	254	4842	.99079189686924493554	54285240	30381120	.55965710016203299460	GCF_000005505.3_Brachypodium_distachyon_v3.0_cds_from_genomic.fna	GCA_002892295.1_ASM289229v1_genomic.fna
15368	99.86005642504121	100.0	99.88132793522263	99.40870424603281	poales	656.037273476112	445.0	4887	254	4845	.99140577041129527317	54285240	30778545	.56697815096700318539	GCF_000005505.3_Brachypodium_distachyon_v3.0_cds_from_genomic.fna	GCA_002892335.1_ASM289233v1_genomic.fna
22663	99.93830270034834	100.0	99.91053441295547	98.08943593148202	eudicots	662.008275261324	403.0	2319	255	2293	.98878827080638206123	53226343	36024596	.67681892028539326851	GCF_007655135.1_ASM765513v2_cds_from_genomic.fna	GCA_002201585.1_ASM220158v1_genomic.fna
22663	99.9316835002176	100.0	99.9229068825911	98.86918048954354	eudicots	648.346974314323	396.0	2319	255	2294	.98921949115998275118	53226343	30994769	.58232009289084542216	GCF_007655135.1_ASM765513v2_cds_from_genomic.fna	GCA_002837095.1_ASM283709v1_genomic.fna
22663	99.93426230936814	100.0	99.93005668016194	97.93029684037003	eudicots	662.955991285403	403.0	2319	255	2292	.98835705045278137128	53226343	36213865	.68037484746979517266	GCF_007655135.1_ASM765513v2_cds_from_genomic.fna	GCA_002864125.1_ASM286412v1_genomic.fna
22663	99.94133260774909	100.0	99.93426315789473	97.58843999388132	eudicots	662.9734436221158	404.0	2319	255	2294	.98921949115998275118	53226343	39322135	.73877205879051281054	GCF_007655135.1_ASM765513v2_cds_from_genomic.fna	GCA_019425735.1_PMGT_Bhagwa_genomic.fna
28526	99.90709899471797	100.0	99.81859259259261	99.19221946489246	solanales	690.9217924689044	470.0	5941	254	5846	.98400942602255512539	53891489	31746856	.58908849224782043042	GCF_001406875.1_SPENNV200_cds_from_genomic.fna	GCA_000577875.1_Sopen10_genomic.fna
28526	99.90709899471797	100.0	99.81859259259261	99.19221946489246	solanales	690.9217924689044	470.0	5941	254	5846	.98400942602255512539	53891489	31746856	.58908849224782043042	GCF_001406875.1_SPENNV200_cds_from_genomic.fna	GCA_000820945.1_SPen_1.0_genomic.fna
29710	99.64034893324171	100.0	99.73424122807015	96.92609511835013	liliopsida	569.8534067446662	364.0	3212	255	2901	.90317559153175591531	44691597	35420329	.79255008497458705715	GCF_009730915.1_TDr96_F1_v2_PseudoChromosome.rev07_lg8_w22_25.fasta_cds_from_genomic.fna	GCA_002240015.2_TDr96_F1_Pseudo_Chromosome_v1.0_genomic.fna
29710	99.71680139372829	100.0	99.70605306122448	98.11879418609622	liliopsida	573.2581564776686	364.0	3212	255	3152	.98132004981320049813	44691597	34039827	.76166056451283224450	GCF_009730915.1_TDr96_F1_v2_PseudoChromosome.rev07_lg8_w22_25.fasta_cds_from_genomic.fna	GCA_002260605.1_TDr96x99_v1.0.fasta_genomic.fna
29710	99.68538604797992	100.0	99.64424291497974	99.4803002442843	liliopsida	554.83648989899	358.5	3212	255	3163	.98474470734744707347	44691597	25328599	.56674186424799274906	GCF_009730915.1_TDr96_F1_v2_PseudoChromosome.rev07_lg8_w22_25.fasta_cds_from_genomic.fna	GCA_002260645.1_TDr97_00777_Male_DDN_genomic.fna
29710	99.70753125000023	100.0	99.69768421052625	99.45354928863401	liliopsida	562.2506313131313	361.0	3212	255	3163	.98474470734744707347	44691597	26072286	.58338228548870160088	GCF_009730915.1_TDr96_F1_v2_PseudoChromosome.rev07_lg8_w22_25.fasta_cds_from_genomic.fna	GCA_002260665.1_TDr97_00917_Female_DDN_genomic.fna
29730	99.972466840052	100.0	99.92967755102043	97.96991602920464	eudicots	659.6345903771131	402.0	2325	255	2306	.99182795698924731182	81358273	57490232	.70663043695630068253	GCF_000327365.1_Graimondii2_0_cds_from_genomic.fna	GCA_000331045.1_Gr_v1.0_genomic.fna
29730	99.9467960069444	100.0	99.85549593495934	98.01348923155338	eudicots	648.3923611111111	395.0	2325	255	2303	.99053763440860215053	81358273	46578595	.57251209105680008718	GCF_000327365.1_Graimondii2_0_cds_from_genomic.fna	GCA_013467475.1_ASM1346747v1_genomic.fna
29760	99.64970948706323	100.0	99.5426779661017	95.82939354105132	eudicots	665.9400817067635	403.0	2321	254	2200	.94786729857819905213	61473544	54549812	.88737054105746693244	GCF_000003745.3_12X_cds_from_genomic.fna	GCA_002922885.1_Chkhaveri_assembly01_genomic.fna
29760	99.62847869446973	100.0	99.51777637130799	95.8302106062911	eudicots	664.8481414324569	401.5	2321	254	2203	.94915984489444205084	61473544	54527061	.88700044689143023867	GCF_000003745.3_12X_cds_from_genomic.fna	GCA_002923015.1_Saperavi_assembly01_genomic.fna
29760	99.73819473445305	100.0	99.64077637130802	95.88547803030558	eudicots	668.0340444847934	404.0	2321	254	2200	.94786729857819905213	61473544	54647870	.88896566627100594688	GCF_000003745.3_12X_cds_from_genomic.fna	GCA_002923105.1_Meskhetian_assembly01_genomic.fna
29760	99.21283454215781	99.491	99.2488902953586	95.57082448976277	eudicots	654.5992747053491	395.0	2321	254	2203	.94915984489444205084	61473544	52924362	.86092908520126967138	GCF_000003745.3_12X_cds_from_genomic.fna	GCA_002923165.1_Rkatsiteli_assembly01_genomic.fna
29760	99.59190881326339	100.0	99.37300823045261	97.153624864698	eudicots	633.4397905759163	396.0	2321	254	2290	.98664368806548901335	61473544	44273619	.72020606132615357266	GCF_000003745.3_12X_cds_from_genomic.fna	GCA_004011995.1_AWRI_Vv-CHD_1.0_genomic.fna
29760	99.55981874175083	99.835	99.41174999999997	96.08119932339534	eudicots	620.1293444786626	387.0	2321	254	2270	.97802671262386902197	61473544	58286929	.94816282269328737578	GCF_000003745.3_12X_cds_from_genomic.fna	GCA_011037095.1_Chardonnay04_genomic.fna
29760	99.46742100656448	99.738	99.41590163934424	98.76610662781536	eudicots	622.2367614879649	390.0	2321	254	2284	.98405859543300301594	61473544	25765584	.41913288747432554075	GCF_000003745.3_12X_cds_from_genomic.fna	GCA_022058905.1_Flame_genomic.fna
29760	99.11232854343577	99.71	98.77150000000003	95.51916097201297	eudicots	612.736120182887	374.0	2321	254	1531	.65962947005601034037	61473544	41783141	.67969305625197076648	GCF_000003745.3_12X_cds_from_genomic.fna	GCA_903992495.4_Sylvestris_C1-2_haplotigs_pseudomolecules_genomic.fna
29780	99.42452482578395	99.6115	99.61414693877545	95.69407460087398	eudicots	658.8706445993031	395.5	2324	255	2296	.98795180722891566265	78459626	58798822	.74941501760408595371	GCF_011075055.1_CATAS_Mindica_2.1_cds_from_genomic.fna	GCA_016746415.1_ASM1674641v1_genomic.fna
29780	99.4274635530336	99.671	99.47612809917351	96.93182884272906	eudicots	541.1540811872545	366.0	2324	255	2290	.98537005163511187607	78459626	50578215	.64464002160805609753	GCF_011075055.1_CATAS_Mindica_2.1_cds_from_genomic.fna	GCA_020138855.1_Mindica_Amrapali_3.0_genomic.fna
29780	99.33595851528379	99.573	99.45772950819668	94.32192156511096	eudicots	597.1157205240174	379.0	2324	255	2290	.98537005163511187607	78459626	62065971	.79105616690041321379	GCF_011075055.1_CATAS_Mindica_2.1_cds_from_genomic.fna	GCA_021014495.1_M.indica_Neelam_pat1.0_genomic.fna
29780	99.48749607329842	99.773	99.55749392712542	94.81507057896492	eudicots	594.708115183246	377.0	2324	255	2291	.98580034423407917383	78459626	63525228	.80965499376711278231	GCF_011075055.1_CATAS_Mindica_2.1_cds_from_genomic.fna	GCA_021014955.1_M.indica_Dashehari_mat1.0_genomic.fna
32201	99.83453336240729	100.0	99.79530204081634	97.96189068001217	eudicots	671.4247710423026	400.0	2315	255	2291	.98963282937365010799	83020196	46827354	.56404774086536726557	GCF_018687715.1_C.illinoinensisPawnee_v1_cds_from_genomic.fna	GCA_011037805.1_ASM1103780v1_genomic.fna
32201	99.70903139991269	99.917	99.64352845528455	95.32445432190062	eudicots	670.8233754906237	403.0	2315	255	2291	.98963282937365010799	83020196	65688233	.79123196721915713135	GCF_018687715.1_C.illinoinensisPawnee_v1_cds_from_genomic.fna	GCA_016808215.1_C.illinoinensisOaxaca_v1_genomic.fna
32201	99.73265910082941	100.0	99.73696747967483	95.37429870739285	eudicots	672.347883020515	407.0	2315	255	2289	.98876889848812095032	83020196	66783935	.80442998472323529566	GCF_018687715.1_C.illinoinensisPawnee_v1_cds_from_genomic.fna	GCA_018688675.1_C.illinoinensisLakota_v1_genomic.fna
32201	99.65858654708522	99.944	99.62721161825726	95.09019494697597	eudicots	665.377130044843	403.0	2315	255	2228	.96241900647948164146	83020196	66351731	.79922397436883911958	GCF_018687715.1_C.illinoinensisPawnee_v1_cds_from_genomic.fna	GCA_018689175.1_C.illinoinensisElliott_v1_genomic.fna
32201	99.34894013040898	100.0	99.03474444444443	95.42048885514316	eudicots	636.4137522228808	376.0	2315	255	1686	.72829373650107991360	83020196	38274347	.46102453191028361339	GCF_018687715.1_C.illinoinensisPawnee_v1_cds_from_genomic.fna	GCA_018689195.1_C.illinoinensisLakota_alternate_haplotype_v1_genomic.fna
32201	99.1998396226415	99.89500000000001	99.08365445026178	95.58184772953209	eudicots	637.125786163522	382.0	2315	255	1590	.68682505399568034557	83020196	37686828	.45394771171101547387	GCF_018687715.1_C.illinoinensisPawnee_v1_cds_from_genomic.fna	GCA_018689215.1_C.illinoinensisElliott_alternate_haplotype_v1_genomic.fna
37682	99.98266584463633	100.0	99.98767479674797	94.83439910812163	poales	672.5435676120017	452.5	4894	255	4860	.99305271761340416836	74009203	130162926	1.75873973403010433715	GCF_002575655.2_Aet_v5.0_cds_from_genomic.fna	GCA_000347335.2_ASM34733v2_genomic.fna
37682	99.98590012330465	100.0	99.98772469635628	98.38131845385611	poales	678.6292642827784	453.0	4894	255	4860	.99305271761340416836	74009203	61976009	.83740949081697312697	GCF_002575655.2_Aet_v5.0_cds_from_genomic.fna	GCA_001957025.1_Aet_MR_1.0_genomic.fna
42229	99.84981192860253	100.0	99.70922672064779	97.86369581420136	eudicots	625.0052242054854	393.0	2321	255	2294	.98836708315381301163	49104224	38812515	.79041092269373811914	GCF_002207925.1_PAV_r1.0_cds_from_genomic.fna	GCA_003946875.1_HMN_1.0_genomic.fna
42229	99.87853571428573	100.0	99.76947755102043	98.5085423991455	eudicots	661.8858885017422	405.0	2321	255	2293	.98793623438173201206	49104224	35198699	.71681611341623075033	GCF_002207925.1_PAV_r1.0_cds_from_genomic.fna	GCA_012349055.1_Tieton_10x_genomic.fna
42229	99.85159009986978	100.0	99.74405668016195	97.18043627129812	eudicots	662.0738167607468	406.0	2321	255	2300	.99095217578629900904	49104224	42323815	.86191800933459410742	GCF_002207925.1_PAV_r1.0_cds_from_genomic.fna	GCA_013416215.1_Prunus_avium_v1.0_genomic.fna
42229	99.88366885389333	100.0	99.74990163934426	96.21133301016472	eudicots	660.1128608923884	410.0	2321	255	2283	.98362774666092201637	49104224	58394256	1.18919007863763410658	GCF_002207925.1_PAV_r1.0_cds_from_genomic.fna	GCA_014155035.1_NE-ME-NP-PH_genomic.fna
42345	99.70977437677506	100.0	99.7134672131148	98.26930742161964	liliopsida	552.969390975071	365.0	3224	255	3161	.98045905707196029776	69902953	49158780	.70324325211268256435	GCF_009389715.1_palm_55x_up_171113_PBpolish2nd_filt_p_cds_from_genomic.fna	GCA_000181215.3_PDK50_genomic.fna
42345	99.73319245402651	100.0	99.77801219512197	99.33491920727057	liliopsida	589.0288522511097	380.0	3224	255	3146	.97580645161290322580	69902953	34701925	.49643002921493173543	GCF_009389715.1_palm_55x_up_171113_PBpolish2nd_filt_p_cds_from_genomic.fna	GCA_000413155.1_DPV01_genomic.fna
42345	99.70140428211573	100.0	99.73839754098363	99.37789477775704	liliopsida	544.1407430730478	353.0	3224	255	3168	.98263027295285359801	69902953	24639313	.35247885736672669608	GCF_009389715.1_palm_55x_up_171113_PBpolish2nd_filt_p_cds_from_genomic.fna	GCA_007821505.1_K2_S20_K51.scafSeq_genomic.fna
45157	82.09	82.09	82.09	82.77102272727275	eukaryota	268.0	268.0	197	197	1	.00507614213197969543	7442022	41226	.00553962350554728271	GCF_000091205.1_ASM9120v1_cds_from_genomic.fna	GCA_006232315.1_ASM623231v1_genomic.fna
45157	99.99018274111674	100.0	99.99018274111674	99.82797867203212	eukaryota	1654.4467005076142	1365.0	197	197	195	.98984771573604060913	7442022	7279589	.97817353939561049402	GCF_000091205.1_ASM9120v1_cds_from_genomic.fna	GCA_010725195.1_CMEGT_assembly_genomic.fna
45157	99.99195431472081	100.0	99.99195431472081	99.87081580008049	eukaryota	1648.0710659898477	1365.0	197	197	195	.98984771573604060913	7442022	7279659	.97818294544144051173	GCF_000091205.1_ASM9120v1_cds_from_genomic.fna	GCA_011170005.1_CME10DT_assembly_genomic.fna
51240	99.73948689956335	100.0	99.7116463414634	97.22208930134911	eudicots	667.3733624454148	405.0	2318	255	2288	.98705780845556514236	66297546	53019423	.79971923847679067940	GCF_001411555.2_Walnut_2.0_cds_from_genomic.fna	GCA_002916465.2_ASM291646v2_genomic.fna
51240	99.87777264808375	100.0	99.78070325203252	98.56145519514862	eudicots	674.454268292683	407.0	2318	255	2294	.98964624676445211389	66297546	45913970	.69254403473697201401	GCF_001411555.2_Walnut_2.0_cds_from_genomic.fna	GCA_003122785.1_ASM312278v1_genomic.fna
51953	99.5063812886143	100.0	99.3217541899441	98.68847381461701	liliopsida	266.166372462489	209.5	3228	255	2265	.70167286245353159851	61870042	6251985	.10105027890558083021	GCF_000442705.1_EG5_cds_from_genomic.fna	GCA_001672495.1_ASM167249v1_genomic.fna
51953	99.96458555979646	100.0	99.8679836734694	98.83733594830507	liliopsida	600.8947201017812	382.5	3228	255	3141	.97304832713754646840	61870042	38382361	.62037069572378825926	GCF_000442705.1_EG5_cds_from_genomic.fna	GCA_015461965.1_EGPMv6_genomic.fna
57577	99.6092071509648	99.785	99.68335655737704	99.07151873999011	fabales	627.0539160045403	438.0	5355	255	5277	.98543417366946778711	69307123	30049477	.43356982225333462478	GCF_020283565.1_ARS_RC_1.1_cds_from_genomic.fna	GCA_000583005.2_Tp1.0_genomic.fna
57577	99.49935626535598	99.674	99.61306504065043	97.67852977764356	fabales	591.1317331317331	412.0	5355	255	5282	.98636788048552754435	69307123	41418089	.59760219739607428229	GCF_020283565.1_ARS_RC_1.1_cds_from_genomic.fna	GCA_900079335.1_Trpr_genomic.fna
57577	99.49949896049868	99.674	99.6146315789474	97.42175568097657	fabales	590.8066528066528	412.0	5355	255	5282	.98636788048552754435	69307123	43073172	.62148261442045430164	GCF_020283565.1_ARS_RC_1.1_cds_from_genomic.fna	GCA_900292005.1_Trifolium_pratense_genome_v3_genomic.fna
59689	99.05356700351513	99.39	99.15539999999999	98.61743326655886	brassicales	655.2095782073814	436.0	4596	255	4546	.98912097476066144473	50901752	31830335	.62532886883736339762	GCF_000004255.2_v.1.0_cds_from_genomic.fna	GCA_000524985.1_Alyr_1.0_genomic.fna
59689	99.03902240958521	99.387	99.18678688524588	98.01947092591371	brassicales	660.5737741291325	440.0	4596	255	4501	.97932985204525674499	50901752	35274674	.69299528236277603961	GCF_000004255.2_v.1.0_cds_from_genomic.fna	GCA_900205625.1_Alyrpet2.2_genomic.fna
63459	98.7952235449735	98.994	98.99957786885247	98.36425675768433	eudicots	633.5	393.5	2320	255	2260	.97413793103448275862	84569958	48144598	.56928724027508681037	GCF_001683475.1_ASM168347v1_cds_from_genomic.fna	GCA_001742885.1_Cqu_r1.0_genomic.fna
63459	99.81988153310105	100.0	99.78670325203251	99.10751161878213	eudicots	673.5466027874564	408.5	2320	255	2287	.98577586206896551724	84569958	59743585	.70643980927600791761	GCF_001683475.1_ASM168347v1_cds_from_genomic.fna	GCA_002732095.1_Cq_real_v1.0_genomic.fna
63459	99.74790117544622	100.0	99.79946090534979	98.91347351346428	eudicots	662.6778406617327	406.0	2320	255	2288	.98620689655172413793	84569958	61137382	.72292080362627116357	GCF_001683475.1_ASM168347v1_cds_from_genomic.fna	GCA_021164245.1_ASM2116424v1_genomic.fna
70448	99.63399230230922	99.76	99.69405990783412	98.18466700838822	chlorophyta	1265.626312106368	1047.0	1485	228	1425	.95959595959595959595	10721919	10939388	1.02028265649087630675	GCF_000214015.3_version_140606_cds_from_genomic.fna	GCA_002158475.1_Ostta1115_2_genomic.fna
70448	99.63142827151846	99.757	99.68807834101385	98.26152394198344	chlorophyta	1273.1245626312107	1056.0	1485	228	1425	.95959595959595959595	10721919	10758369	1.00339957800464636974	GCF_000214015.3_version_140606_cds_from_genomic.fna	GCA_905339545.1_AP0994_ms_genomic.fna
70448	99.63138488453454	99.757	99.68752073732722	98.18428204640601	chlorophyta	1271.8089573128061	1056.0	1485	228	1425	.95959595959595959595	10721919	10933888	1.01976968861637548278	GCF_000214015.3_version_140606_cds_from_genomic.fna	GCA_905339615.1_AP0986_ms_genomic.fna
70448	99.64121019108272	99.757	99.68696313364055	98.28625086317527	chlorophyta	1272.2243453644728	1056.0	1485	228	1409	.94882154882154882154	10721919	10672045	.99534840731402652827	GCF_000214015.3_version_140606_cds_from_genomic.fna	GCA_905339625.1_AP0982_ms_genomic.fna
70448	99.63030203223538	99.755	99.6885944700461	98.463138421734	chlorophyta	1272.5178696566222	1056.0	1485	228	1423	.95824915824915824915	10721919	10738135	1.00151241582780097480	GCF_000214015.3_version_140606_cds_from_genomic.fna	GCA_905339635.1_AP0993_ms_genomic.fna
70448	99.63177941176461	99.757	99.68813824884795	98.24042794589916	chlorophyta	1272.892857142857	1056.0	1485	228	1424	.95892255892255892255	10721919	10859578	1.01283902629743798661	GCF_000214015.3_version_140606_cds_from_genomic.fna	GCA_905339685.1_AP0985_ms_genomic.fna
72664	99.96489892904953	100.0	99.92623966942149	98.08649163656942	brassicales	679.8491744756805	457.5	4592	255	4474	.97430313588850174216	45319807	39653359	.87496751696228538660	GCF_000478725.1_Eutsalg1_0_cds_from_genomic.fna	GCA_000325905.2_TsV2-8_genomic.fna
72664	99.95146234676007	100.0	99.89527125506073	97.34599639573936	brassicales	680.8257443082312	456.0	4592	255	4560	.99303135888501742160	45319807	49219298	1.08604385715940935052	GCF_000478725.1_Eutsalg1_0_cds_from_genomic.fna	GCA_016617915.1_SCU_Esa_1.0_genomic.fna
85692	99.9627603373792	100.0	99.96724696356277	98.06513828288642	poales	678.763423163958	455.0	4890	254	4849	.99161554192229038854	114739580	98671700	.85996218567298224379	GCF_002162155.1_WEW_v2.0_cds_from_genomic.fna	GCA_009802035.1_Tritex_turgidum_zavitan_genomic.fna
85692	99.97529460238982	100.0	99.98742914979758	95.69959915579217	poales	681.6856201071281	456.0	4890	254	4842	.99018404907975460122	114739580	153098507	1.33431294589016274941	GCF_002162155.1_WEW_v2.0_cds_from_genomic.fna	GCA_900184675.1_WEW_v1_genomic.fna
85692	99.9627603373792	100.0	99.96724696356277	98.06513828288642	poales	678.763423163958	455.0	4890	254	4849	.99161554192229038854	114739580	98671700	.85996218567298224379	GCF_002162155.1_WEW_v2.0_cds_from_genomic.fna	GCA_902651645.1_Tritex_Tturgidum_zavitan_genomic.fna
102211	99.94833550913837	100.0	99.93612195121949	99.31917792116856	eudicots	667.4878154917319	404.0	2316	255	2289	.98834196891191709844	46460480	27885140	.60019052751930242649	GCF_009727055.1_ASM972705v1_cds_from_genomic.fna	GCA_012071895.1_ASM1207189v1_genomic.fna
102211	99.9452584670232	100.0	99.92726859504131	99.3147104914286	eudicots	663.4059714795009	401.5	2316	255	2235	.96502590673575129533	46460480	27270553	.58696236026833988800	GCF_009727055.1_ASM972705v1_cds_from_genomic.fna	GCA_016987355.1_ASM1698735v1_genomic.fna
130081	87.85799999999999	87.7295	87.85799999999999	88.1269448010269	eukaryota	239.66666666666666	217.5	223	223	18	.08071748878923766816	9046518	183125	.02024259499621843454	GCF_000341285.1_ASM34128v1_cds_from_genomic.fna	GCA_001704855.1_ASM170485v1_genomic.fna
130081	85.05441666666668	84.958	85.05441666666668	85.4081111582521	eukaryota	686.0666666666667	479.0	223	223	59	.26457399103139013452	9046518	1276372	.14108986463078943743	GCF_000341285.1_ASM34128v1_cds_from_genomic.fna	GCA_006232335.1_ASM623233v1_genomic.fna
130081	88.23262264150941	88.122	88.23262264150941	88.61883114629663	eukaryota	511.0817610062893	460.0	223	223	158	.70852017937219730941	9046518	3512991	.38832520976579055057	GCF_000341285.1_ASM34128v1_cds_from_genomic.fna	GCA_006232365.1_ASM623236v1_genomic.fna
130081	84.99027118644068	84.806	84.99027118644068	85.52701680672271	eukaryota	607.8135593220339	405.0	223	223	58	.26008968609865470852	9046518	1107196	.12238918885697237323	GCF_000341285.1_ASM34128v1_cds_from_genomic.fna	GCA_006232395.1_ASM623239v1_genomic.fna
130081	85.25511666666667	85.156	85.25511666666667	85.66273322005111	eukaryota	517.6	412.5	223	223	59	.26457399103139013452	9046518	1149350	.12704888223292099789	GCF_000341285.1_ASM34128v1_cds_from_genomic.fna	GCA_006232405.1_ASM623240v1_genomic.fna
130081	85.02196153846151	84.7585	85.02196153846151	86.2504965451512	eukaryota	635.2596153846154	592.0	223	223	103	.46188340807174887892	9046518	2172555	.24015372544441960984	GCF_000341285.1_ASM34128v1_cds_from_genomic.fna	GCA_006232475.1_ASM623247v1_genomic.fna
130081	84.85783333333335	85.043	84.85783333333335	85.7129909365558	eukaryota	562.9642857142857	480.0	223	223	83	.37219730941704035874	9046518	1541209	.17036488514144337080	GCF_000341285.1_ASM34128v1_cds_from_genomic.fna	GCA_006232505.1_ASM623250v1_genomic.fna
130081	99.95525791855201	100.0	99.95525791855201	99.58756692385116	eukaryota	830.1493212669683	681.0	223	223	220	.98654708520179372197	9046518	8218531	.90847450919790354697	GCF_000341285.1_ASM34128v1_cds_from_genomic.fna	GCA_006232515.1_ASM623251v1_genomic.fna
130081	99.95717272727273	100.0	99.95717272727273	99.60264241186586	eukaryota	960.9363636363636	790.5	223	223	219	.98206278026905829596	9046518	8379456	.92626312134679884569	GCF_000341285.1_ASM34128v1_cds_from_genomic.fna	GCA_006232545.1_ASM623254v1_genomic.fna
130081	85.20050000000002	85.058	85.20050000000002	85.36961828463728	eukaryota	637.9666666666667	410.5	223	223	59	.26457399103139013452	9046518	1128591	.12475418719113807102	GCF_000341285.1_ASM34128v1_cds_from_genomic.fna	GCA_019693475.1_ASM1969347v1_genomic.fna
130453	99.25148366268851	99.45	99.36344628099175	98.14725820619022	fabales	609.9424770103698	423.0	5339	254	5077	.95092713991384154336	68463294	40072390	.58531203596484855081	GCF_000817695.2_Aradu1.1_cds_from_genomic.fna	GCA_001687015.1_ASM168701v1_genomic.fna
130453	99.69944034090885	99.93	99.74039094650205	95.07775280294416	fabales	633.930303030303	443.0	5339	254	5246	.98258100767934070050	68463294	99666531	1.45576593203359452730	GCF_000817695.2_Aradu1.1_cds_from_genomic.fna	GCA_014805325.1_aradu.K30065.gnm1.M24N_genomic.fna
130453	99.90544486476259	100.0	99.90838114754101	95.2623587005527	fabales	640.5931530168338	446.0	5339	254	5252	.98370481363551226821	68463294	101061069	1.47613506589384962984	GCF_000817695.2_Aradu1.1_cds_from_genomic.fna	GCA_018207795.1_aradu.K30060.gnm1.W9B1_genomic.fna
161934	99.38399305184399	99.791	99.40051020408166	98.74776020268514	eudicots	625.1111704970604	372.0	2318	255	1867	.80543572044866264020	45316919	20135192	.44431952666508506458	GCF_000511025.2_RefBeet-1.2.2_cds_from_genomic.fna	GCA_000397105.1_BvvSeq-1_genomic.fna
161934	99.51272944758601	100.0	99.63647560975608	98.91299550506355	eudicots	666.7825141365811	401.0	2318	255	2293	.98921484037963761863	45316919	30328893	.66926202551413523942	GCF_000511025.2_RefBeet-1.2.2_cds_from_genomic.fna	GCA_000510365.1_KDHBv-1.0.1_genomic.fna
161934	99.5286750981246	100.0	99.72191463414632	98.95057706251546	eudicots	650.9747056258177	402.0	2318	255	2287	.98662640207075064710	45316919	28918283	.63813435772189190531	GCF_000511025.2_RefBeet-1.2.2_cds_from_genomic.fna	GCA_000510465.1_UMSBv-1.0.1_genomic.fna
161934	99.55914764808361	100.0	99.63136991869915	99.02319696354373	eudicots	668.3758710801394	404.0	2318	255	2290	.98792062122519413287	45316919	29513934	.65127847725040618935	GCF_000511025.2_RefBeet-1.2.2_cds_from_genomic.fna	GCA_000510485.1_YMoBv-1.0.1_genomic.fna
161934	99.52208742931705	100.0	99.73713360323889	98.9254757270651	eudicots	667.3392779469334	403.0	2318	255	2293	.98921484037963761863	45316919	30071387	.66357968863682016864	GCF_000511025.2_RefBeet-1.2.2_cds_from_genomic.fna	GCA_000510875.1_YTiBv-1.0.1_genomic.fna
161934	99.97968302214503	100.0	99.97159514170039	98.53668207852996	eudicots	677.8145896656534	412.0	2318	255	2297	.99094046591889559965	45316919	36805162	.81217264571759611459	GCF_000511025.2_RefBeet-1.2.2_cds_from_genomic.fna	GCA_000510975.1_RefBeet-1.1.1_genomic.fna
161934					eudicots			2318	255	0	0	45316919	0	0	GCF_000511025.2_RefBeet-1.2.2_cds_from_genomic.fna	GCA_000729925.1_BvulgarisC0t1.0_genomic.fna
161934	99.52481538461524	100.0	99.67716250000002	97.23864188477764	eudicots	670.8795604395605	403.0	2318	255	2269	.97886108714408973252	45316919	47309929	1.04397937997505964604	GCF_000511025.2_RefBeet-1.2.2_cds_from_genomic.fna	GCA_002917755.1_EL10_1.0_genomic.fna
161934	99.1233462543554	99.317	99.36943265306125	98.43109512219485	eudicots	652.4133275261324	400.0	2318	255	2290	.98792062122519413287	45316919	30837145	.68047752760950054879	GCF_000511025.2_RefBeet-1.2.2_cds_from_genomic.fna	GCA_005862445.2_Bmar-1.0.1_genomic.fna
161934	99.43110191637636	99.75	99.64190204081632	98.72190104479661	eudicots	639.7905052264808	394.0	2318	255	2290	.98792062122519413287	45316919	29700910	.65540444177151584378	GCF_000511025.2_RefBeet-1.2.2_cds_from_genomic.fna	GCA_018282175.1_Chard-1.0_genomic.fna
180498	99.96225303917157	100.0	99.94708898305085	99.6493789923826	eudicots	616.2674470959028	389.0	2249	244	2193	.97510004446420631391	42253205	23309642	.55166565471187333599	GCF_014843425.1_RJC1_Hi-C_cds_from_genomic.fna	GCA_000208675.2_JAT_r4.5_genomic.fna
180498	99.98063865168545	100.0	99.96385957446809	98.856590842601	eudicots	678.0966292134832	408.0	2249	244	2197	.97687861271676300578	42253205	29326668	.69406966879790538966	GCF_014843425.1_RJC1_Hi-C_cds_from_genomic.fna	GCA_000696525.1_JatCur_1.0_genomic.fna
180498	99.98197854269114	100.0	99.9756906779661	99.36298564169272	eudicots	676.2329012069737	403.0	2249	244	2208	.98176967541129390840	42253205	26881968	.63621133592114491669	GCF_014843425.1_RJC1_Hi-C_cds_from_genomic.fna	GCA_004143595.1_RIL_Jcurcas_v1_genomic.fna
326968	99.67890662516673	99.945	99.68446887966806	96.34045685134231	eudicots	639.0306803023566	387.0	2303	252	2241	.97307859313938341293	60435527	50452448	.83481439650555210679	GCF_000826755.1_ZizJuj_1.1_cds_from_genomic.fna	GCA_001835785.2_NAFU_Zjuj_v2.0_genomic.fna
326968	99.68272074468086	99.8775	99.70677777777777	96.06252244760051	eudicots	654.4366134751773	393.0	2303	252	2249	.97655232305688232739	60435527	53953247	.89274057294147530143	GCF_000826755.1_ZizJuj_1.1_cds_from_genomic.fna	GCA_020796205.1_ASM2079620v1_genomic.fna
