Helicoverpa_armigera	Helicoverpa_zea	97.37350568510314	97.673	96.91996680497928	96.88836113654895	lepidoptera	673.8583542108306	361.0	5271	244	5181	.98292544109277177006	37101673	19906279	.53653319083481761051	GCF_002156985.1_Harm_1.0_cds_from_genomic.fna	GCA_002150865.1_Hzea_1.0_genomic.fna
Glossina_fuscipes	Glossina_palpalis_gambiensis	99.40618167701861	99.4805	99.30012863070543	99.25815824592442	diptera	933.2335403726709	720.0	3259	242	3197	.98097575943540963485	49333765	22019512	.44633755400586190816	GCF_014805625.1_Yale_Gfus_2_cds_from_genomic.fna	GCA_000818775.1_Glossina_palpalis_gambiensis-2.0.1_genomic.fna
Dermatophagoides_pteronyssinus	Euroglyphus_maynei	89.68097201336671	89.8515	89.23684422110553	89.80980071561915	arachnida	587.2209690893901	467.0	2863	232	2357	.82326231225986727209	21902014	4669139	.21318308900724837451	GCF_001901225.1_ASM190122v2_cds_from_genomic.fna	GCA_002135145.1_EurM1.0_genomic.fna
Drosophila_teissieri	Drosophila_yakuba	97.06371181734065	97.168	97.03294957983196	96.52234162337467	diptera	948.240357914224	761.0	3266	239	3220	.98591549295774647887	46612915	29937813	.64226433811316026899	GCF_016746235.2_Prin_Dtei_1.1_cds_from_genomic.fna	GCA_016746365.2_Prin_Dyak_Tai18E2_2.1_genomic.fna
Drosophila_biarmipes	Drosophila_suzukii	93.90645626550864	93.919	94.01365811965817	94.27105269552996	diptera	868.1861042183623	705.0	3269	238	3201	.97919853166105842765	53344101	22167810	.41556253802083945514	GCF_018148935.1_ASM1814893v1_cds_from_genomic.fna	GCA_013340165.1_LBDM_Dsuz_2.1.pri_genomic.fna
Drosophila_mauritiana	Drosophila_simulans	98.80562396313378	98.889	98.76597899159667	98.0220541125021	diptera	995.4522273425499	795.0	3269	238	3235	.98959926583052921382	48762174	30146010	.61822530718175116638	GCF_004382145.1_ASM438214v1_cds_from_genomic.fna	GCA_016746395.2_Prin_Dsim_3.1_genomic.fna
Drosophila_sechellia	Drosophila_simulans	98.66960018410539	98.745	98.6920210970464	97.76260986690612	diptera	989.891377723228	791.0	3270	237	3239	.99051987767584097859	50841764	30653693	.60292347448841468207	GCF_004382195.1_ASM438219v1_cds_from_genomic.fna	GCA_016746395.2_Prin_Dsim_3.1_genomic.fna
Drosophila_yakuba	Drosophila_santomea	98.59025015422574	98.673	98.51914468085103	97.25263482257209	diptera	980.8565700185071	782.0	3264	238	3222	.98713235294117647058	59764222	28348622	.47434101961538125602	GCF_016746365.2_Prin_Dyak_Tai18E2_2.1_cds_from_genomic.fna	GCA_016746245.2_Prin_Dsan_1.1_genomic.fna
Drosophila_persimilis	Drosophila_pseudoobscura	99.22632574592454	99.324	99.13754583333336	96.46131774411157	diptera	986.6834820055368	802.0	3267	240	3228	.98806244260789715335	38658510	30222940	.78179267643786581531	GCF_003286085.1_DperRS2_cds_from_genomic.fna	GCA_009870125.2_UCI_Dpse_MV25_genomic.fna
Drosophila_miranda	Drosophila_persimilis	98.7357598643651	98.818	98.69139583333336	95.0133012486823	diptera	958.696362515413	782.0	3272	240	3225	.98563569682151589242	67180216	37224083	.55409293414596940265	GCF_003369915.1_D.miranda_PacBio2.1_cds_from_genomic.fna	GCA_003286085.2_DperRS2_genomic.fna
Drosophila_pseudoobscura	Drosophila_persimilis	99.22975925925951	99.323	99.1429246861925	95.35937261136748	diptera	987.8157407407407	804.5	3269	239	3219	.98470480269195472621	62342407	34003697	.54543445844174736467	GCF_009870125.1_UCI_Dpse_MV25_cds_from_genomic.fna	GCA_003286085.2_DperRS2_genomic.fna
Drosophila_erecta	Drosophila_orena	97.42387663959998	97.5125	97.3212584745763	96.83329042290889	diptera	934.6630231105559	765.0	3269	239	3181	.97308045273784031814	47089453	26006673	.55228233379563784697	GCF_003286155.1_DereRS2_cds_from_genomic.fna	GCA_005876975.1_DoreRS1_genomic.fna
Drosophila_simulans	Drosophila_mauritiana	98.79076504735731	98.88	98.76242436974793	97.96901238984158	diptera	1011.6113657195234	801.0	3269	238	3232	.98868155399204649739	58699620	32286861	.55003526428280114930	GCF_016746395.2_Prin_Dsim_3.1_cds_from_genomic.fna	GCA_004382145.1_ASM438214v1_genomic.fna
Drosophila_kikkawai	Drosophila_leontia	98.00986240786243	98.071	97.94268333333333	97.77408450988868	diptera	933.9272113022113	757.5	3268	241	3235	.98990208078335373317	47090529	23373297	.49634815102629235700	GCF_018152535.1_ASM1815253v1_cds_from_genomic.fna	GCA_008042735.1_UCB_Dleo_1.0_genomic.fna
Drosophila_elegans	Drosophila_gunungcola	97.50950031725894	97.55850000000001	97.57746861924689	97.01290700267407	diptera	961.0314086294417	778.5	3267	239	3129	.95775941230486685032	54747056	24681392	.45082592203679408806	GCF_018152505.1_ASM1815250v1_cds_from_genomic.fna	GCA_011057485.1_D_gunungcola_WGS_1.0_genomic.fna
Drosophila_ananassae	Drosophila_bipectinata	92.66873507462681	92.616	92.40828879310348	92.15497702061941	diptera	875.8529228855722	727.0	3268	237	3194	.97735618115055079559	60971076	23660893	.38806749941562454958	GCF_017639315.1_ASM1763931v2_cds_from_genomic.fna	GCA_018153845.1_ASM1815384v1_genomic.fna
Drosophila_suzukii	Drosophila_biarmipes	93.89766956521737	93.918	93.99032900432906	93.92943736548332	diptera	868.548447204969	705.0	3269	238	3197	.97797491587641480575	54271942	22342103	.41166949581424596893	GCF_013340165.1_LBDM_Dsuz_2.1.pri_cds_from_genomic.fna	GCA_018148935.1_ASM1814893v1_genomic.fna
Drosophila_mojavensis	Drosophila_arizonae	98.34409587757656	98.4205	98.20547659574473	97.93141428959296	diptera	926.997501561524	769.0	3269	239	3184	.97399816457632303456	51239950	22604080	.44114172632877276422	GCF_018153725.1_ASM1815372v1_cds_from_genomic.fna	GCA_001654025.1_ASM165402v1_genomic.fna
Drosophila_bipectinata	Drosophila_ananassae	92.68919744229571	92.641	92.4240555555556	93.36970469735621	diptera	872.1581409856519	725.0	3268	239	3185	.97460220318237454100	42762517	21573448	.50449434489555420697	GCF_018153845.1_ASM1815384v1_cds_from_genomic.fna	GCA_017639315.2_ASM1763931v2_genomic.fna
Drosophila_novamexicana	Drosophila_americana	99.12590126895681	99.184	99.19308474576272	98.14293373211902	diptera	961.0368307025689	778.0	3250	236	3211	.98800000000000000000	39032340	26617800	.68194220484859478063	GCF_003285875.2_DnovRS2.1_cds_from_genomic.fna	GCA_018152915.1_ASM1815291v1_genomic.fna
Drosophila_obscura	Drosophila_ambigua	97.79880383663361	97.92750000000001	97.9730381355933	96.53027286571302	diptera	896.8966584158416	741.5	3268	238	3211	.98255813953488372093	44857842	27359028	.60990513096907336737	GCF_018151105.1_ASM1815110v1_cds_from_genomic.fna	GCA_018150905.1_ASM1815090v1_genomic.fna
Daphnia_pulex	Daphnia_pulicaria					arthropoda			997	243	0	0	58465972	0	0	GCF_021134715.1_ASM2113471v1_cds_from_genomic.fna	GCA_021234035.2_SC_F0-13B_genomic.fna
Danaus_plexippus	Danaus_erippus	98.9174632199204	99.0	98.95445491803278	98.85169159758135	lepidoptera	670.095609199772	364.0	5267	244	5233	.99354471235997721663	34624757	13707361	.39588324042245263988	GCF_009731565.1_Dplex_v4_cds_from_genomic.fna	GCA_018231765.1_SRR1552521_genomic.fna
Culex_quinquefasciatus	Culex_pipiens_pallens	97.98612588766925	98.1955	97.94863181818185	97.85243779185113	diptera	1036.9021949644932	810.0	3223	235	3046	.94508222153273347812	49261514	25742906	.52257642751296681624	GCF_015732765.1_VPISU_Cqui_1.0_pri_paternal_cds_from_genomic.fna	GCA_016801865.1_TS_Cpip_V1_genomic.fna
Caenorhabditis_briggsae	Caenorhabditis_remanei	86.92168667344862	86.321	85.34676363636366	87.41455454685308	nematoda	442.5361139369278	325.0	3129	223	977	.31224033237456056248	26213873	2472119	.09430575176739431063	GCF_000004555.2_CB4_cds_from_genomic.fna	GCA_000149515.1_ASM14951v1_genomic.fna
Caenorhabditis_elegans	Caenorhabditis_briggsae	86.34494660194181	85.5155	84.05444999999999	86.67331391443948	nematoda	471.0339805825243	335.0	3129	227	618	.19750719079578139980	42387951	1445290	.03409671772056167565	GCF_000002985.6_WBcel235_cds_from_genomic.fna	GCA_000004555.3_CB4_genomic.fna
Caenorhabditis_remanei	Caenorhabditis_briggsae	86.88558207452171	86.232	85.0484909090909	87.5294741784037	nematoda	447.2608257804632	330.0	3123	225	992	.31764329170669228306	37851290	2738267	.07234276559662827871	GCF_000149515.1_ASM14951v1_cds_from_genomic.fna	GCA_000004555.3_CB4_genomic.fna
Bombyx_mori	Bombyx_mandarina	99.14647137979502	99.315	99.28263519313303	95.58221354223033	lepidoptera	671.8678449487849	357.0	5261	245	4969	.94449724386998669454	56575093	25658028	.45352162302234306534	GCF_014905235.1_Bmori_2016v1.0_cds_from_genomic.fna	GCA_003987935.1_ASM398793v1_genomic.fna
Apis_cerana	Apis_mellifera	97.62238008510623	98.024	98.11781512605043	97.38601475421103	hymenoptera	564.648	393.0	5933	240	5815	.98011124220461823697	41597160	17345273	.41698214493489459376	GCF_001442555.1_ACSNU-2.0_cds_from_genomic.fna	GCA_003254395.2_Amel_HAv3.1_genomic.fna
Apis_dorsata	Apis_florea	96.99650897088664	97.345	97.58569999999992	96.95079786111287	hymenoptera	524.4776574136764	380.0	5954	240	5846	.98186093382599932818	40685165	16181168	.39771666158905832138	GCF_000469605.1_Apis_dorsata_1.3_cds_from_genomic.fna	GCA_000184785.2_Aflo_1.1_genomic.fna
Apis_mellifera	Apis_cerana	97.61552856171352	98.02	98.11931779661019	97.29114145888241	hymenoptera	568.8044882692961	394.0	5954	238	5832	.97950957339603627813	57397644	17306591	.30152093002284205254	GCF_003254395.2_Amel_HAv3.1_cds_from_genomic.fna	GCA_001442555.1_ACSNU-2.0_genomic.fna
Anopheles_gambiae	Anopheles_melas	98.3114130904601	98.366	98.20489626556022	97.95013297515264	diptera	956.737882062365	756.0	3253	244	3212	.98739624961573931755	22209148	16996495	.76529252720545605801	GCF_000005575.2_AgamP3_cds_from_genomic.fna	GCA_000473525.2_Anop_mela_CM1001059_A_V2_genomic.fna
Anopheles_merus	Anopheles_gambiae	98.24445070856424	98.321	98.11419246861922	97.24000901954066	diptera	1006.3582871226124	795.0	3268	242	3227	.98745410036719706242	68543884	28159789	.41082861601481468426	GCF_017562075.2_AmerM5.1_cds_from_genomic.fna	GCA_000005575.1_AgamP3_genomic.fna
Anopheles_albimanus	Anopheles_darlingi	92.28742735312696	92.2575	92.10973819742487	93.39588239018259	diptera	848.8521794061908	662.0	3268	242	3145	.96236230110159118727	59571357	16170174	.27144209590525191494	GCF_013758885.1_VT_AalbS3_pri_1.0_cds_from_genomic.fna	GCA_000211455.3_A_darlingi_v1_genomic.fna
Acropora_digitifera	Acropora_millepora	98.68689307411911	98.837	98.60466981132072	93.60706191760785	metazoa	320.730255164034	210.0	867	225	818	.94348327566320645905	47288721	63089420	1.33413250910296347410	GCF_000222465.1_Adig_1.1_cds_from_genomic.fna	GCA_013753865.1_Amil_v2.1_genomic.fna
Acropora_millepora	Acropora_hyacinthus	99.03343402777772	99.213	98.9828340611354	91.67974785730681	metazoa	308.525462962963	215.0	925	246	862	.93189189189189189189	69192834	183498886	2.65199263264747907276	GCF_013753865.1_Amil_v2.1_cds_from_genomic.fna	GCA_020536085.1_Ahyacinthus.chrsV1_genomic.fna
Varroa_destructor	Varroa_jacobsoni	99.85338105189824	100.0	99.87150862068968	99.80337477572105	arachnida	673.85127133403	388.0	2895	235	2868	.99067357512953367875	58991906	18885172	.32013157872878357244	GCF_002443255.1_Vdes_3.0_cds_from_genomic.fna	GCA_002532875.1_vjacob_1.0_genomic.fna
Trichinella_spiralis	Trichinella_nelsoni	98.72538161452302	98.851	98.69634112149528	97.99148128452917	nematoda	482.61799922750095	328.0	2606	215	2381	.91366078280890253261	15649544	11945128	.76328920510399536242	GCF_000181795.1_Trichinella_spiralis-3.7.1_cds_from_genomic.fna	GCA_001447455.1_T7_ISS37_r1.0_genomic.fna
Rhipicephalus_microplus	Rhipicephalus_annulatus	98.48892702798425	98.705	98.51293670886075	97.51419782199329	arachnida	456.484236627701	280.0	2862	239	2812	.98252969951083158630	36223281	23162865	.63944690708718517243	GCF_013339725.1_ASM1333972v1_cds_from_genomic.fna	GCA_013436015.1_TxGen_Rann_genomic.fna
Pieris_brassicae	Pieris_napi	95.87997089437131	96.0275	96.30694650205756	94.12582812608929	lepidoptera	607.5462606013879	345.0	5222	244	5179	.99176560704710838759	44998986	21041804	.46760618117039348397	GCF_905147105.1_ilPieBrab1.1_cds_from_genomic.fna	GCA_905231885.1_ilPieNapi4.1_genomic.fna
