Zymoseptoria_tritici_and_1047171_and_Zymoseptoria_pseudotritici	95.16038191990584	95.4235	95.11618103448275	94.57397105820108	capnodiales	1262.2782685512368	1013.0	3454	234	3372	.97625940938042848870	14403928	12049487	.83654174055854764061	GCF_000219625.1_MYCGR_v2.0_cds_from_genomic.fna	GCA_000223685.2_ASM22368v2_genomic.fna
Zygosaccharomyces_rouxii_and_4956_and_Zygosaccharomyces_mellis	86.00929389067537	85.845	86.27020958083833	85.35933708898611	saccharomycetes	1307.5890675241158	1115.0	2125	214	1554	.73129411764705882352	7442310	5099522	.68520687797202750221	GCF_000026365.1_ASM2636v1_cds_from_genomic.fna	GCA_007556495.1_ASM755649v1_genomic.fna
Yarrowia_lipolytica_and_4952_and_Yarrowia_yakushimensis	88.81350372920267	88.636	88.584110576923	87.79530833871975	saccharomycetes	1259.4343086632243	1064.0	2018	228	1731	.85777998017839444995	9465522	6008330	.63475949873657258416	GCF_000002525.2_ASM252v1_cds_from_genomic.fna	GCA_900518995.1_YAYA0_genomic.fna
Trichoderma_reesei_and_51453_and_Trichoderma_parareesei	97.64724038896418	97.834	97.62	97.17640549686743	hypocreales	1097.7804161013116	865.0	4439	233	4399	.99098896147781031763	13509280	12629673	.93488868392690061942	GCF_000167675.1_v2.0_cds_from_genomic.fna	GCA_001050175.1_Tpara_v1.0_genomic.fna
Trichoderma_gamsii_and_398673_and_Trichoderma_atroviride_IMI_206040	94.73522737712491	94.7775	94.95103636363635	93.5889392489112	hypocreales	1111.9079007808912	903.5	4394	224	4280	.97405553026854802002	16552085	13809689	.83431718723049090190	GCF_001481775.2_TGAM01v2_cds_from_genomic.fna	GCA_000171015.2_TRIAT_v2.0_genomic.fna
Trichoderma_asperellum_and_101201_and_Trichoderma_asperelloides	97.57929418369625	97.607	97.61403056768559	96.87433363712378	hypocreales	1182.0965641140804	950.0	4471	234	4421	.98881681950346678595	16689408	15280600	.91558670025923028546	GCF_003025105.1_Trias_v._1.0_cds_from_genomic.fna	GCA_021066465.1_ASM2106646v1_genomic.fna
Trichoderma_harzianum_and_5544_and_Trichoderma_afroharzianum	96.10477189043571	96.17	96.19568831168833	95.2652970615249	hypocreales	1153.8253255500674	927.0	4481	236	4422	.98683329613925463066	18624592	16165049	.86794110711257460029	GCF_003025095.1_Triha_v1.0_cds_from_genomic.fna	GCA_020736905.1_ASM2073690v1_genomic.fna
Saccharomyces_cerevisiae_and_4932_and_Saccharomyces_paradoxus	90.89387295476426	90.801	90.97947058823532	90.2027311641551	saccharomycetes	1480.349855630414	1207.5	2124	214	2076	.97740112994350282485	8817114	8235041	.93398372755529757242	GCF_000146045.2_R64_cds_from_genomic.fna	GCA_002079055.1_ASM207905v1_genomic.fna
Penicillium_solitum_and_60172_and_Penicillium_polonicum	96.47663779337057	96.568	96.92819565217387	95.51267956484112	eurotiales	1145.84466489233	908.0	4163	236	4114	.98822964208503483065	17038314	13925304	.81729354207229658990	GCF_002072235.1_ASM207223v1_cds_from_genomic.fna	GCA_013466175.1_ASM1346617v1_genomic.fna
Penicillium_expansum_and_27334_and_Penicillium_italicum	93.75111618357498	93.7835	94.51115151515152	93.0377065985658	eurotiales	1121.8415458937197	900.5	4183	236	4110	.98254841023189098732	16710189	11797395	.70600009371527754713	GCF_000769745.1_ASM76974v1_cds_from_genomic.fna	GCA_002116305.1_ASM211630v1_genomic.fna
Penicillium_digitatum_and_36651_and_Penicillium_expansum	92.07376681394203	92.1455	92.94493013100437	91.63737244261478	eurotiales	1081.7660775650465	870.0	4171	232	4041	.96883241428913929513	12262431	10189591	.83096010897023599969	GCF_000315645.1_PdigPd1_v1_cds_from_genomic.fna	GCA_000769745.1_ASM76974v1_genomic.fna
Penicillium_griseofulvum_and_5078_and_Penicillium_coprophilum	90.86060765914306	90.783	91.38909459459458	90.25322615770445	eurotiales	1008.8252599543495	808.0	4168	233	3902	.93618042226487523992	15058539	10105297	.67106755841320329947	GCF_001561935.1_ASM156193v1_cds_from_genomic.fna	GCA_002072405.1_ASM207240v1_genomic.fna
Penicillium_rubens_and_1108849_and_Penicillium_chrysogenum	99.99470263094376	100.0	99.99373390557939	98.99227239662034	eurotiales	1233.5954622254405	974.0	4155	234	4129	.99374247894103489771	17264281	18360314	1.06348558622279143857	GCF_000226395.1_PenChr_Nov2007_cds_from_genomic.fna	GCA_000710275.1_ASM71027v1_genomic.fna
Penicillium_roqueforti_and_5082_and_Penicillium_carneum_LCP05634	97.2171820370814	97.336	97.39431759656651	97.11448432507156	eurotiales	1097.576932338069	893.0	4179	236	4135	.98947116535056233548	14322309	13059678	.91184165905092537802	GCF_015533775.1_ASM1553377v1_cds_from_genomic.fna	GCA_000577495.1_PCARLCP05634_20131217_genomic.fna
Ogataea_haglerorum_and_1937702_and_Ogataea_polymorpha	89.34292339979005	89.28	89.25453170731708	88.69354611149352	saccharomycetes	1401.9045120671562	1156.5	2061	224	1893	.91848617176128093158	7532699	6842720	.90840215439379696440	GCF_019207285.1_ASM1920728v1_cds_from_genomic.fna	GCA_001664045.1_Hanpo2_genomic.fna
Ogataea_polymorpha_and_460523_and_Ogataea_parapolymorpha	95.1965319881891	95.21	95.10802739726026	94.74193757361608	saccharomycetes	1406.9212598425197	1153.0	2035	219	2009	.98722358722358722358	6963263	6819707	.97938380325430764283	GCF_001664045.1_Hanpo2_cds_from_genomic.fna	GCA_000187245.3_Hansenula_2_genomic.fna
Malassezia_globosa_and_76773_and_Malassezia_restricta	84.16955555555553	83.92349999999999	80.6045	84.86214285714286	basidiomycota	820.3796296296297	662.0	1633	211	107	.06552357624004898958	6217176	195654	.03146991495817393620	GCF_000181695.1_ASM18169v1_cds_from_genomic.fna	GCA_003290485.1_ASM329048v1_genomic.fna
Malassezia_sympodialis_and_76777_and_Malassezia_dermatis	88.60066970387243	88.546	88.05807999999996	87.77944575194175	basidiomycota	1179.0174639331815	944.0	1592	208	1264	.79396984924623115577	5382541	3774576	.70126284221522882965	GCF_000349305.1_ASM34930v2_cds_from_genomic.fna	GCA_001600775.1_JCM_11348_assembly_v001_genomic.fna
Kluyveromyces_lactis_and_28985_and_Kluyveromyces_dobzhanskii	85.02722065727708	84.338	84.24043333333334	85.57450345303882	saccharomycetes	1125.4945226917057	947.0	2124	215	638	.30037664783427495291	7402764	1473924	.19910455067863841127	GCF_000002515.2_ASM251v1_cds_from_genomic.fna	GCA_003705805.2_ASM370580v2_genomic.fna
Fusarium_poae_and_36050_and_Fusarium_venenatum	94.76668321299647	94.8785	94.86809401709402	93.57389147380572	hypocreales	1166.2919675090252	942.0	4475	236	4405	.98435754189944134078	19705075	14910631	.75668988826482517828	GCF_019609905.1_ASM1960990v1_cds_from_genomic.fna	GCA_900007375.1_ASM90000737v1_genomic.fna
Fusarium_venenatum_and_56646_and_Fusarium_sambucinum	97.60911735722263	97.795	97.73686695278967	96.05150812685088	hypocreales	1220.1070548712205	986.0	4477	235	4444	.99262899262899262899	19359405	16861635	.87097898928195365508	GCF_900007375.1_ASM90000737v1_cds_from_genomic.fna	GCA_001567575.1_Fsamv1.0_genomic.fna
Fusarium_fujikuroi_and_5127_and_Fusarium_proliferatum	98.9415041396289	99.143	98.9365982905983	97.55871211452393	hypocreales	1234.476840456478	989.0	4481	236	4462	.99575987502789555902	21584217	19629406	.90943331416655049381	GCF_900079805.1_Fusarium_fujikuroi_IMI58289_V2_cds_from_genomic.fna	GCA_900067095.1_F._proliferatum_ET1_version_1_genomic.fna
Fusarium_redolens_and_48865_and_Fusarium_hostae	98.08512744877301	98.447	98.12053043478254	96.15597369870092	hypocreales	1225.3674848007206	989.0	4457	232	4376	.98182634058783935382	23634632	18291963	.77394744288804665966	GCF_020744475.1_Fusre1_cds_from_genomic.fna	GCA_002234235.1_Hy9_genomic.fna
Fusarium_mangiferae_and_192010_and_Fusarium_fujikuroi	98.16805968139992	98.363	98.18016666666668	96.37198771740321	hypocreales	1222.8525914292125	984.0	4477	236	4451	.99419253964708510163	22861743	18939275	.82842655522809437583	GCF_900044065.1_Genome_assembly_version_1_cds_from_genomic.fna	GCA_900079805.1_Fusarium_fujikuroi_IMI58289_V2_genomic.fna
Fusarium_solani_and_169388_and_Fusarium_falciforme	97.06307740774122	97.213	96.8933362068965	95.63130129818192	hypocreales	1197.3800630063006	970.0	4469	234	4396	.98366524949653166256	24914817	20306683	.81504443721180051212	GCF_020744495.1_Fusso1_cds_from_genomic.fna	GCA_013363125.1_ASM1336312v1_genomic.fna
Fusarium_subglutinans_and_42677_and_Fusarium_circinatum	98.5325774584643	98.696	98.67340517241385	97.11758582548084	hypocreales	1199.8778625954199	973.0	4469	236	4419	.98881181472365182367	21325431	18977291	.88989015040305633213	GCF_013396075.1_ASM1339607v1_cds_from_genomic.fna	GCA_021436905.1_ASM2143690v1_genomic.fna
Fusarium_graminearum_and_5518_and_Fusarium_asiaticum	99.26497035706271	99.433	99.21451709401711	98.15804851772046	hypocreales	1212.3116999775432	974.0	4467	236	4442	.99440340273113946720	17844706	16432171	.92084290993642596297	GCF_000240135.3_ASM24013v3_cds_from_genomic.fna	GCA_001717845.1_ASM171784v1_genomic.fna
Exophiala_dermatitidis_and_5970_and_Exophiala_phaeomuriformis	98.51556568320441	99.022	98.64491228070175	98.2819687517127	chaetothyriales	1332.9864842591066	1068.0	6215	233	6028	.96991150442477876106	14396872	13252578	.92051787360476636869	GCF_000230625.1_Exop_derm_V1_cds_from_genomic.fna	GCA_010883475.1_ASM1088347v1_genomic.fna
Exophiala_mesophila_and_212818_and_Exophiala_lecanii-corni	84.07874081632647	83.29599999999999	81.6668125	84.51376763005787	chaetothyriales	722.165306122449	509.5	6122	234	488	.07971251225089839921	15920109	515346	.03237075826553700103	GCF_000836275.1_Exop_meso_CBS40295_V1_cds_from_genomic.fna	GCA_003955835.1_ASM395583v1_genomic.fna
Colletotrichum_scovillei_and_1209932_and_Colletotrichum_nymphaeae	98.24607669659913	98.551	98.44636206896554	97.76314890614087	glomerellales	1135.5910496098925	914.0	6820	233	6758	.99090909090909090909	20060349	18563484	.92538190636663400023	GCF_011075155.1_ASM1107515v1_cds_from_genomic.fna	GCA_014705085.1_ASM1470508v1_genomic.fna
Candida_orthopsilosis_and_273371_and_Candida_parapsilosis	86.26819218749993	86.09899999999999	85.5589562043796	85.8157885771542	saccharomycetes	1158.95625	953.5	2071	222	1275	.61564461612747464992	8485663	3919339	.46187775781338476439	GCF_000315875.1_ASM31587v1_cds_from_genomic.fna	GCA_000182765.2_ASM18276v2_genomic.fna
Candida_albicans_and_5476_and_Candida_dubliniensis	91.47470795569005	91.5265	91.05724056603775	90.57833759540136	saccharomycetes	1164.7210473313191	972.0	2080	221	1977	.95048076923076923076	8955536	7488034	.83613465458683880004	GCF_000182965.3_ASM18296v3_cds_from_genomic.fna	GCA_000026945.1_ASM2694v1_genomic.fna
Candida_tropicalis_and_5482_and_Candida_albicans	85.822283806344	85.532	85.3754423076923	85.27729737609314	saccharomycetes	839.9232053422371	707.0	2063	221	593	.28744546776539020843	9100553	1368736	.15040140967257704009	GCF_000006335.3_ASM633v3_cds_from_genomic.fna	GCA_000182965.3_ASM18296v3_genomic.fna
Aspergillus_versicolor_and_46472_and_Aspergillus_sydowii	93.0404127793974	93.103	93.40686343612329	91.74195423862172	eurotiales	1076.1319241982508	872.0	4176	232	4082	.97749042145593869731	19088086	13730573	.71932686179221950278	GCF_001890125.1_Aspve1_cds_from_genomic.fna	GCA_001890705.1_Aspsy1_genomic.fna
Aspergillus_nidulans_and_162425_and_Aspergillus_spinulosporus	93.62352320157134	93.706	94.09042129629627	92.85913350161228	eurotiales	1099.6128161060644	908.0	4101	219	3983	.97122653011460619361	15249987	12586265	.82532955601863791752	GCF_000149205.2_ASM14920v2_cds_from_genomic.fna	GCA_003574815.1_ASM357481v1_genomic.fna
Aspergillus_flavus_and_5059_and_Aspergillus_oryzae	99.82920202751622	99.907	99.79998666666667	99.50085605685067	eurotiales	1226.497224233647	977.0	4153	226	4099	.98699735131230435829	18327225	17376887	.94814610504318029598	GCF_014117465.1_ASM1411746v1_cds_from_genomic.fna	GCA_000184455.3_ASM18445v3_genomic.fna
Aspergillus_lentulus_and_293939_and_Aspergillus_novofumigatus_IBT_16806	96.07606204556478	96.2625	96.26496035242289	95.25742367614188	eurotiales	1072.5758603974793	861.0	4153	228	4111	.98988682879845894534	15221462	13029913	.85602243726653852304	GCF_010724455.1_ASM1072445v1_cds_from_genomic.fna	GCA_002847465.1_Aspnov1_genomic.fna
Aspergillus_tubingensis_and_5068_and_Aspergillus_neoniger_CBS_115656	98.13286578631457	98.382	98.18706550218337	97.24285209624574	eurotiales	1170.8489795918367	920.0	4185	233	4156	.99307048984468339307	17266218	15585259	.90264463242616304276	GCF_013340325.1_ASM1334032v1_cds_from_genomic.fna	GCA_003184625.1_Aspneo1_genomic.fna
Aspergillus_fumigatus_and_746128_and_Aspergillus_fischeri	96.07012105136266	96.148	96.32474999999997	95.36169760919478	eurotiales	1133.3320472630817	908.0	4165	228	4140	.99399759903961584633	14242587	12729852	.89378790524502325314	GCF_000002655.1_ASM265v1_cds_from_genomic.fna	GCA_000149645.3_ASM14964v3_genomic.fna
Aspergillus_chevalieri_and_182096_and_Aspergillus_cristatus	97.60640386007236	97.684	97.73431277533034	97.02129119086432	eurotiales	1152.0250904704462	920.0	4166	231	4126	.99039846375420067210	14293839	12433088	.86982146643739306144	GCF_016861735.1_AchevalieriM1_assembly01_cds_from_genomic.fna	GCA_001693355.1_ASM169335v1_genomic.fna
Apiotrichum_porosum_and_105984_and_Apiotrichum_gamsii	87.22648482758625	86.826	86.25426086956523	86.39882809721394	tremellomycetes	679.9427586206897	514.0	4204	232	1425	.33896289248334919124	13611171	2124526	.15608693770727000637	GCF_003942205.1_ASM394220v1_cds_from_genomic.fna	GCA_001600315.1_JCM_9941_assembly_v001_genomic.fna
Alternaria_arborescens_and_156630_and_Alternaria_alternata	98.35386519756867	98.63	98.47835652173912	97.70860634482742	pleosporales	1165.8879939209726	941.0	6599	234	6551	.99272617063191392635	18067951	16608571	.91922825117247661342	GCF_004154835.1_ASM415483v1_cds_from_genomic.fna	GCA_001642055.1_Altal1_genomic.fna
[Candida]_duobushaemulonis_and_1231522_and_[Candida]_pseudohaemulonii	95.27208435507602	95.23	95.07010328638499	94.50749066777283	saccharomycetes	1498.7616478666014	1224.0	2042	213	1978	.96865817825661116552	8009927	7767656	.96975365693095580022	GCF_002926085.2_CanDuoHae_v1.0_cds_from_genomic.fna	GCA_003013735.1_Cand_pseudohaemulonii_B12108_genomic.fna
[Candida]_haemuloni_and_45357_and_[Candida]_pseudohaemulonii	85.80693589743588	85.2525	84.59425842696628	85.52964617691164	saccharomycetes	1065.1641025641027	937.0	2058	214	754	.36637512147716229348	8379153	1954899	.23330508465473777600	GCF_002926055.2_CanHae_1.0_cds_from_genomic.fna	GCA_003013735.1_Cand_pseudohaemulonii_B12108_genomic.fna
