Ursus_americanus_and_9643_and_Ursus_maritimus	99.50858142947	99.805	99.04897942386835	98.464301328791	carnivora	531.1859149025362	303.0	14477	247	14248	.98418180562271188782	92588718	42677832	.46093987390558750365	GCF_020975775.1_gsc_jax_bbear_1.0_cds_from_genomic.fna	GCA_017311325.1_ASM1731132v1_genomic.fna
Microcebus_murinus_and_30608_and_Microcebus_griseorufus	99.28950437725312	99.551	98.76843388429754	98.90769062117855	primates	582.1014492753624	349.0	13755	247	13526	.98335150854234823700	125168643	25467093	.20346224413409994386	GCF_000165445.2_Mmur_3.0_cds_from_genomic.fna	GCA_008750995.1_Mgri_1.0_genomic.fna
Ursus_maritimus_and_29073_and_Ursus_arctos	99.63337229437292	100.0	99.17731687242798	99.22399697721062	carnivora	529.7618349392543	305.0	14485	247	14270	.98515705902657921988	71125358	34888439	.49052039920839484561	GCF_017311325.1_ASM1731132v1_cds_from_genomic.fna	GCA_003584765.2_ASM358476v2_genomic.fna
Manis_javanica_and_9974_and_Manis_crassicaudata	99.28310497880524	99.501	99.14618828451889	99.2083480278653	laurasiatheria	532.7237968581165	306.0	12190	246	11912	.97719442165709598031	107482128	23182010	.21568246211128235198	GCF_014570535.1_YNU_ManJav_2.0_cds_from_genomic.fna	GCA_016801295.1_DSBC_Mcra_1.0_genomic.fna
Tursiops_truncatus_and_9739_and_Tursiops_aduncus	99.50944341415267	99.9	99.20728215767632	99.4961788330272	cetartiodactyla	555.0377745686707	331.0	13316	247	13107	.98430459597476719735	113787048	33255906	.29226442362754678370	GCF_011762595.1_mTurTru1.mat.Y_cds_from_genomic.fna	GCA_003227395.1_ASM322739v1_genomic.fna
Mandrillus_leucophaeus_and_9568_and_Mandrillus_sphinx	99.43564938307874	99.898	98.54492975206612	98.73662993574955	primates	550.3323296122209	330.0	13750	244	13488	.98094545454545454545	58763288	35007397	.59573584446125615026	GCF_000951045.1_Mleu.le_1.0_cds_from_genomic.fna	GCA_004802615.1_BGI_mandrill_1.0_genomic.fna
Trichosurus_vulpecula_and_9337_and_Trichosurus_arnhemensis	99.41658377160026	99.708	99.56868750000001	99.0292500472502	mammalia	574.6048084147258	433.0	9169	247	1319	.14385429163485658196	63851021	1290434	.02021007620222705600	GCF_011100635.1_mTriVul1.pri_cds_from_genomic.fna	GCA_904811895.1_ERS5079657_MarsupialExonCaptKit_genomic.fna
Macaca_mulatta_and_9544_and_Macaca_fuscata_fuscata	99.49187222018344	99.962	98.59138524590163	99.35641807424037	primates	589.0427889908257	356.0	13772	246	13609	.98816439151902410688	142401811	30577043	.21472369477098855154	GCF_003339765.1_Mmul_10_cds_from_genomic.fna	GCA_003118495.1_macFus_1.0_genomic.fna
Acinonyx_jubatus_and_32536_and_Puma_concolor	99.2762139455536	99.543	99.02271074380167	99.1337469170281	carnivora	505.57765299594854	282.0	14486	247	14027	.96831423443324589258	121334684	32140256	.26488927106778470696	GCF_003709585.1_Aci_jub_2_cds_from_genomic.fna	GCA_003327715.1_PumCon1.0_genomic.fna
Lynx_canadensis_and_61383_and_Lynx_pardinus	99.62587121265892	100.0	99.20248101265824	99.20789844204891	carnivora	504.44554033917547	285.0	14442	246	13973	.96752527350782440105	83215243	31650173	.38034105121822452648	GCF_007474595.2_mLynCan4.pri.v2_cds_from_genomic.fna	GCA_900661375.1_LYPA1.0_genomic.fna
Prionailurus_bengalensis_and_37029_and_Prionailurus_viverrinus	99.50520205839106	99.777	99.19705809128632	99.21830221316144	carnivora	530.9523909542813	305.0	14486	247	14246	.98343227944222007455	112696619	33703080	.29906025840934944108	GCF_016509475.1_Fcat_Pben_1.1_paternal_pri_cds_from_genomic.fna	GCA_018119265.1_PriViv1.0_genomic.fna
Physeter_catodon_and_9755_and_Kogia_breviceps	98.18860626432357	98.6265	98.19095338983045	98.42857276626313	cetartiodactyla	523.3329258976318	320.0	13311	245	13003	.97686124258132371722	98409719	23354872	.23732281971052066513	GCF_002837175.2_ASM283717v2_cds_from_genomic.fna	GCA_004363705.1_KogBre_v1_BIUU_genomic.fna
Pongo_abelii_and_9601_and_Pongo_pygmaeus	98.82766013824889	99.89750000000001	97.88652173913042	93.21115630248217	primates	463.7488479262673	295.0	13771	247	867	.06295839082129111901	91466345	6326105	.06916319876999567436	GCF_002880775.1_Susie_PABv2_cds_from_genomic.fna	GCA_900086635.1_NGS12_genomic.fna
Puma_concolor_and_9696_and_Puma_yagouaroundi	99.36910969568291	99.62	99.09051476793245	99.18180198395673	carnivora	513.5140127388535	291.0	14274	242	13527	.94766708701134930643	40046497	27378129	.68365852324112143941	GCF_003327715.1_PumCon1.0_cds_from_genomic.fna	GCA_014898765.1_PumYag_genomic.fna
Peromyscus_maniculatus_and_10042_and_Peromyscus_polionotus	99.1608883013877	99.425	98.79282157676347	96.96678466295651	glires	546.9286186384667	323.0	13790	247	13570	.98404641044234952864	108855959	48950666	.44968292457007337558	GCF_003704035.1_HU_Pman_2.1.3_cds_from_genomic.fna	GCA_003704135.2_HU_Ppol_1.3.3_genomic.fna
Equus_caballus_and_9796_and_Equus_przewalskii	99.78778706087547	100.0	99.57870954356845	99.18540407420761	laurasiatheria	518.4877501868616	290.0	12206	246	12008	.98377846960511223988	135685322	34192796	.25200069908814455258	GCF_002863925.1_EquCab3.0_cds_from_genomic.fna	GCA_000696695.1_Burgud_genomic.fna
Panthera_leo_and_9689_and_Panthera_pardus	99.57805204304172	99.895	99.2970251046025	99.16929857888462	carnivora	532.8716506083409	304.0	14410	243	13924	.96627342123525329632	104969200	38214575	.36405512283603190269	GCF_018350215.1_P.leo_Ple1_pat1.1_cds_from_genomic.fna	GCA_001857705.1_PanPar1.0_genomic.fna
Ceratotherium_simum_and_9807_and_Diceros_bicornis	99.22116892561986	99.435	99.2678801652892	97.46377001840138	laurasiatheria	536.8926446280992	304.0	12217	249	12056	.98682164197429810919	65671362	43913062	.66867902024020759612	GCF_000283155.1_CerSimSim1.0_cds_from_genomic.fna	GCA_020826845.1_mDicBic1.mat.cur_genomic.fna
Colobus_angolensis_palliatus_and_54131_and_Colobus_guereza	99.38084496124027	99.74	98.52780497925312	95.87920204937286	primates	553.9827980804725	336.0	13759	243	13441	.97688785522203648520	59858488	48726579	.81402956586541243741	GCF_000951035.1_Cang.pa_1.0_cds_from_genomic.fna	GCA_021498455.1_ASM2149845v1_genomic.fna
Choloepus_didactylus_and_27675_and_Choloepus_hoffmanni	98.79761557699193	99.432	97.9044403292181	98.81665953749119	eutheria	603.8109146123616	381.0	11345	247	11144	.98228294402820625826	107384003	35507148	.33065584265842650697	GCF_015220235.1_mChoDid1.pri_cds_from_genomic.fna	GCA_000164785.2_C_hoffmanni-2.0.1_genomic.fna
Homo_sapiens_and_9606_and_Pan_troglodytes	99.08896897038083	99.467	98.34473662551433	95.79392245161891	primates	582.2015440576052	350.0	13756	246	13452	.97790055248618784530	240267216	86391291	.35956337463867729669	GCF_000001405.39_GRCh38.p13_cds_from_genomic.fna	GCA_002880755.3_Clint_PTRv2_genomic.fna
Cervus_elaphus_and_9860_and_Cervus_canadensis	99.61090246894643	99.934	99.38248547717842	97.59164412289786	cetartiodactyla	564.3009507744212	331.0	13312	247	13030	.97881610576923076923	115380741	54582454	.47306381920358788474	GCF_910594005.1_mCerEla1.1_cds_from_genomic.fna	GCA_019320065.1_ASM1932006v1_genomic.fna
Pan_troglodytes_and_9598_and_Pan_paniscus	99.46746902001367	99.889	98.66941735537185	96.48097095655905	primates	593.6121409053984	357.0	13766	246	13509	.98133081505157634752	176563658	79560484	.45060509564204882977	GCF_002880755.1_Clint_PTRv2_cds_from_genomic.fna	GCA_013052645.3_Mhudiblu_PPA_v2_genomic.fna
Cebus_imitator_and_2715852_and_Cebus_albifrons	99.50322539986698	100.0	98.56753909465027	99.33537533515461	primates	590.9590182059409	368.0	13750	247	13526	.98370909090909090909	112684394	25971399	.23047911141981204602	GCF_001604975.1_Cebus_imitator-1.0_cds_from_genomic.fna	GCA_004027755.1_CebAlb_v1_BIUU_genomic.fna
Ovis_aries_and_9940_and_Ovis_orientalis	99.65087260711	100.0	99.34351037344393	97.12112454202823	cetartiodactyla	560.5676845943482	324.0	13323	247	13149	.98693987840576446746	125864833	57789170	.45913674711664695093	GCF_016772045.1_ARS-UI_Ramb_v2.0_cds_from_genomic.fna	GCA_014523465.1_CAU_Oori_1.0_genomic.fna
Camelus_dromedarius_and_9838_and_Camelus_ferus	99.56406692642662	99.833	99.36706611570247	99.22622209404429	cetartiodactyla	520.3512109404844	301.0	13317	245	13057	.98047608320192235488	105120705	35629736	.33894118194888438010	GCF_000803125.2_CamDro3_cds_from_genomic.fna	GCA_009834535.1_BCGSAC_Cfer_1.0_genomic.fna
Odocoileus_virginianus_and_9874_and_Odocoileus_hemionus	99.25208915087053	99.5	99.08614403292178	98.51563087989453	cetartiodactyla	541.9190167976576	322.0	13318	247	12878	.96696200630725334134	87293816	37921552	.43441281109763834817	GCF_002102435.1_Ovir.te_1.0_cds_from_genomic.fna	GCA_020976825.1_BYU_Ohem_2021_genomic.fna
Bos_indicus_and_9915_and_Bos_taurus	99.48278136311113	99.784	99.21307083333335	97.65617326399878	cetartiodactyla	540.959876780901	313.0	13177	243	12652	.96015785080063747438	65559420	46108253	.70330477298304347414	GCF_000247795.1_Bos_indicus_1.0_cds_from_genomic.fna	GCA_002263795.2_ARS-UCD1.2_genomic.fna
Balaenoptera_acutorostrata_scammoni_and_9767_and_Balaenoptera_bonaerensis	99.30530103202356	99.682	99.08049583333333	99.3187351652182	cetartiodactyla	514.2007133100623	308.0	13305	245	13117	.98586997369409996242	70244745	19836275	.28238802774499359347	GCF_000493695.1_BalAcu1.0_cds_from_genomic.fna	GCA_000978805.1_ASM97880v1_genomic.fna
Delphinapterus_leucas_and_9749_and_Monodon_monoceros	99.38863829787238	99.737	99.10128979591839	98.52029223061491	cetartiodactyla	550.2956686930091	330.0	13319	249	13120	.98505893835873564081	107307039	35901905	.33457176094477828243	GCF_002288925.2_ASM228892v3_cds_from_genomic.fna	GCA_005190385.2_NGI_Narwhal_1_genomic.fna
Mirounga_angustirostris_and_9716_and_Mirounga_leonina	99.5584159843241	100.0	98.9768158995816	99.50984377615933	carnivora	542.9468122331864	318.0	14462	247	14131	.97711243258193887429	81407401	31897102	.39182066505230894178	GCF_021288785.1_ASM2128878v2_cds_from_genomic.fna	GCA_011800145.1_KU_Mleo_1.0_genomic.fna
