Vitis_riparia_96939_Vitis_rupestris_103352	99.27037395512524	99.553	99.23588477366255	98.02571843512375	eudicots	662.7215134183898	402.0	2318	255	2272	.98015530629853321829	59463157	33577948	.56468491910041035998	GCF_004353265.1_EGFV_Vit.rip_1.0_cds_from_genomic.fna	GCA_022059035.1_Vitisrupestris_B38_genomic.fna
Pyrus_x_bretschneideri_225117_Pyrus_pyrifolia_3767	99.22338594890502	99.485	99.26033054393307	97.1297067627816	eudicots	662.4242700729927	406.5	2228	251	2161	.96992818671454219030	66466395	51437800	.77389182909649304735	GCF_000315295.1_Pbr_v1.0_cds_from_genomic.fna	GCA_016587475.1_PPY_r1.0_genomic.fna
Populus_alba_43335_Populus_davidiana_266767	98.80507695729531	99.05600000000001	98.93493061224493	97.34747279937142	eudicots	518.4123665480427	356.5	2316	255	2242	.96804835924006908462	69833050	44234848	.63343714759701889005	GCF_005239225.1_ASM523922v1_cds_from_genomic.fna	GCA_014885075.1_ASM1488507v1_genomic.fna
Micromonas_pusilla_38833_Micromonas_commoda_296587	84.61329279279275	84.27000000000001	83.86043999999998	84.3008599257885	chlorophyta	596.3918918918919	446.0	1491	228	222	.14889336016096579476	13817243	637059	.04610608643128010414	GCF_000151265.2_Micromonas_pusilla_CCMP1545_v2.0_cds_from_genomic.fna	GCA_000090985.2_ASM9098v2_genomic.fna
Ipomoea_nil_35883_Ipomoea_purpurea_4121	97.89845225843331	98.423	98.16565	96.27527967184975	solanales	358.77301315037164	260.0	5929	254	1732	.29212346095462978579	72662184	9642399	.13270175033549776043	GCF_001879475.1_Asagao_1.1_cds_from_genomic.fna	GCA_009835305.1_UM_IpPur_1.0_genomic.fna
Panicum_virgatum_38727_Panicum_hallii_206008	96.38746305099384	96.61	97.03535593220333	95.56175000175143	poales	556.1130077787382	370.0	4889	255	4618	.94456944160359991818	117097371	44990640	.38421562854728822220	GCF_016808335.1_P.virgatum_v5_cds_from_genomic.fna	GCA_002211085.2_PHallii_v3.1_genomic.fna
Eucalyptus_grandis_71139_Eucalyptus_globulus_34317	99.01030674305862	99.199	99.22054065040646	93.46468932369551	eudicots	613.9638607315999	379.0	2313	255	2263	.97838305231301340250	62013076	92642525	1.49391920181479144817	GCF_016545825.1_ASM1654582v1_cds_from_genomic.fna	GCA_014182545.1_ASM1418254v1_genomic.fna
Micromonas_commoda_296587_Micromonas_pusilla_38833	84.5823289473684	84.113	83.77924137931032	84.37460072267406	chlorophyta	560.0526315789474	417.0	1500	230	228	.15200000000000000000	14720917	622052	.04225633498239274088	GCF_000090985.2_ASM9098v2_cds_from_genomic.fna	GCA_000151265.1_Micromonas_pusilla_CCMP1545_v2.0_genomic.fna
Panicum_hallii_206008_Panicum_virgatum_38727	96.54401632482191	96.7435	97.33797131147537	95.42295276406503	poales	574.2534533277523	385.0	4888	255	4767	.97524549918166939443	53073156	32460881	.61162522537759013238	GCF_002211085.1_PHallii_v3.1_cds_from_genomic.fna	GCA_016808335.1_P.virgatum_v5_genomic.fna
Peacan	98.30055185995619	98.417	98.60121224489791	96.08313358914846	eudicots	656.1369803063458	400.0	2315	255	2283	.98617710583153347732	83020196	47315017	.56992176939693083837	GCF_018687715.1_C.illinoinensisPawnee_v1_cds_from_genomic.fna	GCA_011037825.1_ASM1103782v1_genomic.fna
