Solanum_pennellii_and_28526_and_Solanum_habrochaites	98.96398571914281	99.085	99.07730737704914	98.2689461817478	solanales	666.7818769126147	454.0	5941	254	5858	.98602928799865342534	53891489	32042151	.59456792889875430979	GCF_001406875.1_SPENNV200_cds_from_genomic.fna	GCA_000577655.1_Sohab10_genomic.fna
Prunus_persica_and_3760_and_Prunus_mira	99.34025470459525	99.46	99.42497530864206	96.39593459301673	eudicots	658.5207877461706	402.0	2322	255	2282	.98277347114556416881	48056645	48660446	1.01256436024612205034	GCF_000346465.2_Prunus_persica_NCBIv2_cds_from_genomic.fna	GCA_020226265.1_GHT_assembly_genomic.fna
Ostreococcus_tauri_and_70448_and_Ostreococcus_lucimarinus	84.7707244318183	84.5275	83.70826315789475	84.3963710470836	chlorophyta	693.2130681818181	554.5	1485	228	350	.23569023569023569023	10721919	1079830	.10071238180404086246	GCF_000214015.3_version_140606_cds_from_genomic.fna	GCA_000092065.1_ASM9206v1_genomic.fna
Juglans_regia_and_51240_and_Juglans_sigillata	99.51550437062929	99.718	99.48544444444443	98.55132213492561	eudicots	640.2115384615385	398.0	2318	255	2286	.98619499568593615185	66297546	41042499	.61906513100801649581	GCF_001411555.2_Walnut_2.0_cds_from_genomic.fna	GCA_003123805.1_ASM312380v1_genomic.fna
Hordeum_vulgare_and_4513_and_Hordeum_bulbosum	98.00590960099737	98.2195	98.41232500000002	97.2970489530197	poales	547.206982543641	371.0	4893	255	4794	.97976701410177805027	54599157	20427713	.37413971428166922064	GCF_904849725.1_MorexV3_pseudomolecules_assembly_cds_from_genomic.fna	GCA_900070015.1_Hordeum_bulbosum_assembly1_genomic.fna
Gossypium_raimondii_and_29730_and_Gossypium_gossypioides	99.00173060156929	99.103	99.14200000000001	97.75885373394428	eudicots	635.924149956408	386.0	2325	255	2293	.98623655913978494623	81358273	43635750	.53634066200004024175	GCF_000327365.1_Graimondii2_0_cds_from_genomic.fna	GCA_013467495.1_ASM1346749v1_genomic.fna
Gossypium_hirsutum_and_3635_and_Gossypium_barbadense	99.7829026933101	99.886	99.79028278688523	96.11730084324726	eudicots	662.1867940920938	403.0	2325	255	2301	.98967741935483870967	151917548	145843521	.96001760770915022930	GCF_007990345.1_Gossypium_hirsutum_v2.1_cds_from_genomic.fna	GCA_018997955.1_ASM1899795v1_genomic.fna
Elaeis_guineensis_and_51953_and_Elaeis_oleifera	98.92293740120144	99.187	98.95124696356278	98.40214100848034	liliopsida	358.4170091685109	287.0	3228	255	3159	.97862453531598513011	61870042	29072106	.46988987012486592461	GCF_000442705.1_EG5_cds_from_genomic.fna	GCA_000441515.1_EO8_genomic.fna
Cicer_arietinum_and_3827_and_Cicer_echinospermum	99.54422321598469	99.653	99.53287804878053	97.5928986513961	fabales	630.4017126546147	439.0	5358	255	5238	.97760358342665173572	49718034	41964019	.84404019273972096322	GCF_000331145.1_ASM33114v1_cds_from_genomic.fna	GCA_002896215.2_S2Drd065_v0.5_genomic.fna
Brassica_oleracea_and_3712_and_Brassica_cretica	98.80147070033347	99.222	98.48488135593219	96.94193558422553	brassicales	606.0907575035732	410.0	4591	255	4190	.91265519494663472010	70564635	52858122	.74907383847447095843	GCF_000695525.1_BOL_cds_from_genomic.fna	GCA_003260655.2_B_cretica_A_v2_genomic.fna
Beta_vulgaris_and_161934_and_Beta_patula	99.0199486286458	99.18	99.20855510204079	98.14641778605227	eudicots	645.2860252503265	395.0	2318	255	2291	.98835202761000862812	45316919	28607473	.63127577141773473170	GCF_000511025.2_RefBeet-1.2.2_cds_from_genomic.fna	GCA_005862465.1_Bpat-1.0.1_genomic.fna
Arachis_duranensis_and_130453_and_Arachis_monticola	99.39261950104745	99.576	99.45351452282152	95.36857691901338	fabales	624.3540278042277	437.0	5339	254	5216	.97696197789848286195	68463294	91990234	1.34364312064797817060	GCF_000817695.2_Aradu1.1_cds_from_genomic.fna	GCA_003063285.2_ASM306328v2_genomic.fna
Arabidopsis_thaliana_and_3702_and_Arabidopsis_suecica	99.5921055543261	99.915	99.68888114754101	98.30970206095394	brassicales	686.5302057977428	459.0	4596	255	4514	.98215839860748476936	62670512	38539928	.61496111600300951745	GCF_000001735.4_TAIR10.1_cds_from_genomic.fna	GCA_019202805.1_ASM1920280v1_genomic.fna
