Tetrahymena_thermophila_and_5911_and_Tetrahymena_malaccensis	93.62107453416145	93.44	92.27251111111114	89.06096303608733	alveolata	674.1863354037267	561.0	166	186	161	.96987951807228915662	50846186	28920785	.56878966300441885650	GCF_000189635.1_JCVI-TTA1-2.2_cds_from_genomic.fna	GCA_000231845.2_Tetra_malac_V2_genomic.fna
Plasmodium_cynomolgi_and_5827_and_Plasmodium_vivax	90.47340953583836	90.663	90.73214093959727	89.95003478031134	plasmodium	718.2573413324914	598.0	3598	168	3155	.87687604224569205113	9870507	5880460	.59576068382302955663	GCF_000321355.1_PcynB_1.0_cds_from_genomic.fna	GCA_000002415.2_ASM241v2_genomic.fna
Plasmodium_chabaudi_and_5825_and_Plasmodium_vinckei	95.13632584589136	95.374	95.90184146341467	93.81391170795668	plasmodium	1109.3946545351153	904.0	3638	172	3517	.96673996701484332050	10444545	9137636	.87487161958706674153	GCF_900002335.2_PCHAS01_cds_from_genomic.fna	GCA_900681995.1_PVVCY_v1_genomic.fna
Plasmodium_falciparum_and_5833_and_Plasmodium_reichenowi	97.80075977337097	98.072	97.85475903614457	96.18392822229295	plasmodium	948.656373937677	869.0	3638	171	3525	.96893897746014293567	12323163	10715704	.86955792112787926281	GCF_000002765.5_GCA_000002765_cds_from_genomic.fna	GCA_001601855.1_ASM160185v1_genomic.fna
Plasmodium_coatneyi_and_208452_and_Plasmodium_knowlesi	90.51938778054871	90.60249999999999	90.9970875	89.19004372802888	plasmodium	883.5720074812967	766.0	3626	176	3166	.87313844456701599558	11591459	7521199	.64885697305231377689	GCF_001680005.1_ASM168000v1_cds_from_genomic.fna	GCA_000006355.3_GCA_000006355.2_genomic.fna
Plasmodium_vivax_and_5855_and_Plasmodium_inui	89.80274163746401	89.866	90.21820529801323	89.04728716494415	plasmodium	798.3794201975152	683.0	3568	169	3118	.87387892376681614349	11263307	6294824	.55887884437492470017	GCF_000002415.2_ASM241v2_cds_from_genomic.fna	GCA_000524495.1_Plas_inui_San_Antonio_1_V1_genomic.fna
Plasmodium_gaboni_and_647221_and_Plasmodium_falciparum	93.87085376532406	94.166	94.14667741935484	92.33346684593639	plasmodium	813.3750729713952	734.0	3606	165	3422	.94897393233499722684	11352669	8199398	.72224408198635933100	GCF_001602025.1_ASM160202v1_cds_from_genomic.fna	GCA_000002765.3_GCA_000002765_genomic.fna
Plasmodium_reichenowi_and_5854_and_Plasmodium_falciparum	97.80621894497995	98.0775	97.84343373493977	96.24262436061389	plasmodium	947.803176403857	867.0	3588	168	3510	.97826086956521739130	11213690	10809423	.96394879829922175483	GCF_001601855.1_ASM160185v1_cds_from_genomic.fna	GCA_000002765.3_GCA_000002765_genomic.fna
Plasmodium_knowlesi_and_5850_and_Plasmodium_coatneyi	90.56147632486675	90.666	91.0416225165563	89.19719607675894	plasmodium	878.925995609909	761.0	3638	171	3185	.87548103353490929081	11668781	7592557	.65067267951982302178	GCF_000006355.2_GCA_000006355.2_cds_from_genomic.fna	GCA_001680005.1_ASM168000v1_genomic.fna
Plasmodium_vinckei_and_5860_and_Plasmodium_chabaudi	95.13592903961231	95.384	95.89803105590065	93.79634911885691	plasmodium	1107.3499572527785	900.0	3625	168	3506	.96717241379310344827	10199336	9086428	.89088426932890533266	GCF_900681995.1_PVVCY_v1_cds_from_genomic.fna	GCA_900002335.2_GCA_900002335_genomic.fna
Plasmodium_yoelii_and_5861_and_Plasmodium_berghei	95.26973399715493	95.62	95.65975757575755	93.44063398071414	plasmodium	1000.6071123755335	807.0	3633	170	3514	.96724470134874759152	11391522	8878736	.77941613069789971875	GCF_900002385.2_GCA_900002385_cds_from_genomic.fna	GCA_900002375.2_GCA_900002375_genomic.fna
Phytophthora_sojae_and_67593_and_Phytophthora_pisi	99.19462000000003	99.233	99.1062832618025	97.55093024007826	stramenopiles	1198.07	1030.5	100	236	100	1.00000000000000000000	30137204	24363131	.80840714354257946423	GCF_000149755.1_P.sojae_V3.0_cds_from_genomic.fna	GCA_000751395.2_P._pisi_assembly_genomic.fna
Nannochloropsis_gaditana_and_72520_and_Nannochloropsis_salina	97.940171875	97.973	97.70154081632651	97.10897883176776	stramenopiles	907.796875	703.5	66	99	59	.89393939393939393939	3173632	2769807	.87275619857626845204	GCF_000240725.1_ASM24072v1_cds_from_genomic.fna	GCA_004565275.1_ASM456527v1_genomic.fna
Naegleria_fowleri_and_5763_and_Naegleria_lovaniensis	90.92616267942583	91.045	90.92616267942583	89.2750115020649	eukaryota	976.0478468899521	832.0	225	225	207	.92000000000000000000	22052644	10549528	.47837928186751665695	GCF_008403515.1_ASM840351v1_cds_from_genomic.fna	GCA_003324165.2_Nlova_2.1_genomic.fna
Toxoplasma_gondii_and_5811_and_Hammondia_hammondi	95.72683823529414	96.0835	94.59383236994219	94.15687192310139	coccidia	376.2457983193277	293.5	502	189	476	.94820717131474103585	20028526	6366912	.31789219036887687091	GCF_000006565.2_TGA4_cds_from_genomic.fna	GCA_000447165.1_Hammondia_hammondi_HhCatGer041_genomic.fna
Entamoeba_histolytica_and_5759_and_Entamoeba_dispar	95.04418000000001	95.13550000000001	95.04418000000001	93.09370872433304	eukaryota	1213.9933333333333	1009.5	151	151	148	.98013245033112582781	10291184	8825345	.85756361950189599175	GCF_000208925.1_JCVI_ESG2_1.0_cds_from_genomic.fna	GCA_000209125.2_JCVI_EDISG_1.0_genomic.fna
Eimeria_maxima_and_5804_and_Eimeria_praecox	88.1464285714286	87.9965	87.17620833333332	86.69075539033457	coccidia	460.98214285714283	288.0	453	106	108	.23841059602649006622	12095070	532524	.04402818669094101977	GCF_000499605.1_EMW001_cds_from_genomic.fna	GCA_000499445.1_EPH001_genomic.fna
Eimeria_tenella_and_5802_and_Eimeria_necatrix	95.5118696581197	96.18299999999999	95.21680281690136	95.00041961571048	coccidia	392.37606837606836	275.0	491	151	465	.94704684317718940936	13067641	9949600	.76139220537203310069	GCF_000499545.2_ETH001_cds_from_genomic.fna	GCA_000499385.1_ENH001_genomic.fna
Cryptosporidium_hominis_and_237895_and_Cryptosporidium_cuniculus	99.68031524008352	99.714	99.65983439490451	99.05737240432458	coccidia	1233.329853862213	1029.0	479	158	475	.99164926931106471816	5284028	4958830	.93845641998869044600	GCF_000006425.1_ASM642v1_cds_from_genomic.fna	GCA_004337835.1_UKCU2.v0_genomic.fna
Babesia_bigemina_and_5866_and_Babesia_ovata	89.72754984260222	89.655	89.21702158273379	87.72113527575452	aconoidasida	815.4260230849948	563.0	1109	165	946	.85302073940486925157	8706687	3663439	.42076153650636573934	GCF_000981445.1_Bbig001_cds_from_genomic.fna	GCA_002897235.1_Bovata_7.1_genomic.fna
Aphanomyces_astaci_and_112090_and_Aphanomyces_invadans	86.11633962264153	86.12	85.8912568807339	85.19404964539022	stramenopiles	811.9056603773585	711.0	100	246	53	.53000000000000000000	36504547	2687004	.07360737828084813653	GCF_000520075.1_Apha_asta_APO3_V1_cds_from_genomic.fna	GCA_000520115.1_Apha_inva_NJM9701_V1_genomic.fna
Acanthamoeba_castellanii_Neff_and_5755_and_Acanthamoeba_rhysodes	97.44624285714288	97.6065	97.44624285714288	96.01492808401406	eukaryota	396.64285714285717	252.5	215	215	208	.96744186046511627906	19741581	10079079	.51055075072254851321	GCF_000313135.1_Acastellanii.strNEFF_v1_cds_from_genomic.fna	GCA_000826385.1_Acanthamoeba_rhysodes_genomic.fna
Acanthamoeba_castellanii_and_5755_and_Acanthamoeba_polyphaga	97.91907729468606	98.024	97.91907729468606	96.59790111702112	eukaryota	330.768115942029	241.0	215	215	205	.95348837209302325581	19741581	8890248	.45033110570019695990	GCF_000313135.1_Acastellanii.strNEFF_v1_cds_from_genomic.fna	GCA_001567625.1_ASM156762v1_genomic.fna
