Siniperca_chuatsi_and_119488_and_Siniperca_knerii	99.52793559227106	99.582	99.67291596638651	98.97821541178425	actinopterygii	458.45897507700926	269.0	3627	244	3557	.98070030328094844223	139023495	44753741	.32191494682247774018	GCF_020085105.1_ASM2008510v1_cds_from_genomic.fna	GCA_011952075.1_sinKne6b_genomic.fna
Seriola_dumerili_and_41447_and_Seriola_rivoliana	99.4820880361171	99.552	99.4577883817428	98.93449806649647	actinopterygii	456.5950902934537	268.0	3639	246	3540	.97279472382522671063	61312080	41248035	.67275543416566523269	GCF_002260705.1_Sdu_1.0_cds_from_genomic.fna	GCA_002994505.1_ASM299450v1_genomic.fna
Seriola_lalandi_and_302047_and_Seriola_quinqueradiata	99.3054722378013	99.415	99.41061864406781	98.80105922836239	actinopterygii	448.1747055524397	265.0	3640	244	3559	.97774725274725274725	72810898	42944649	.58981073135507819172	GCF_002814215.1_Sedor1_cds_from_genomic.fna	GCA_002217815.1_Squ_2.0_genomic.fna
Pygoscelis_adeliae_and_9238_and_Pygoscelis_antarcticus	99.34936369156061	99.469	99.40943913043475	99.35282550022986	aves	516.2910746812386	269.0	8314	233	8205	.98688958383449603079	30910796	20278863	.65604467125337050524	GCF_000699105.1_ASM69910v1_cds_from_genomic.fna	GCA_010078415.1_BGI_Pant.V1_genomic.fna
Perca_fluviatilis_and_8168_and_Perca_flavescens	98.4711278679348	98.6155	98.67284937238499	95.93105029049205	actinopterygii	427.0111919418019	263.0	3632	243	3569	.98265418502202643171	109692784	71732729	.65394209522478707441	GCF_010015445.1_GENO_Pfluv_1.0_cds_from_genomic.fna	GCA_004354835.1_PFLA_1.0_genomic.fna
Oryzias_melastigma_and_30732_and_Oryzias_sinensis	93.00912114803644	93.2325	94.08670403587442	93.89452843132351	actinopterygii	369.55679758308156	242.0	3637	245	3302	.90789111905416552103	93548901	22470984	.24020575078696007342	GCF_002922805.2_ASM292280v2_cds_from_genomic.fna	GCA_008586565.1_ASM858656v1_genomic.fna
Oreochromis_aureus_and_47969_and_Oreochromis_niloticus	99.58159365432805	99.652	99.66574897119338	95.01764378120069	actinopterygii	456.62315613693295	265.0	3637	246	3590	.98707726147924113280	98420494	116888031	1.18763914149831436529	GCF_013358895.1_ZZ_aureus_cds_from_genomic.fna	GCA_001858045.3_O_niloticus_UMD_NMBU_genomic.fna
Oncorhynchus_tshawytscha_and_74940_and_Oncorhynchus_kisutch	99.16926876918754	99.281	99.28875720164605	96.81379014945702	actinopterygii	439.6589450181412	267.0	3638	245	3581	.98433205057724024189	174900382	103976446	.59448953061749173309	GCF_018296145.1_Otsh_v2.0_cds_from_genomic.fna	GCA_002021735.2_Okis_V2_genomic.fna
Oncorhynchus_gorbuscha_and_8017_and_Oncorhynchus_keta	99.12314465408795	99.259	99.24821030042916	97.20932170687738	actinopterygii	439.8184676958262	265.0	3637	245	3490	.95958207313720098982	162766075	67899099	.41715756185679356094	GCF_021184085.1_OgorEven_v1.0_cds_from_genomic.fna	GCA_012931545.1_Oket_V1_genomic.fna
Oncorhynchus_nerka_and_8023_and_Oncorhynchus_gorbuscha	98.99236981239301	99.13	99.1563922413793	97.67389394029276	actinopterygii	434.728538942581	265.0	3584	238	3487	.97293526785714285714	133972253	74978782	.55965903626327759077	GCF_006149115.1_Oner_1.0_cds_from_genomic.fna	GCA_021184085.1_OgorEven_v1.0_genomic.fna
Neolamprologus_brichardi_and_32507_and_Neolamprologus_pulcher	99.68613104219062	99.839	99.71080508474576	99.58340205251851	actinopterygii	453.5766974015088	265.0	3625	239	3558	.98151724137931034482	73702391	27339827	.37094898318834730884	GCF_000239395.1_NeoBri1.0_cds_from_genomic.fna	GCA_015104715.1_ISB3.scf_genomic.fna
Motacilla_alba_and_45807_and_Motacilla_tschutschensis	99.35849206945109	99.476	99.41144769874481	99.3366860267046	passeriformes	536.5751290473955	287.0	10810	244	10585	.97918593894542090656	105685377	24993797	.23649248088503294074	GCF_015832195.1_Motacilla_alba_V1.0_pri_cds_from_genomic.fna	GCA_018904545.1_ASM1890454v1_genomic.fna
Micropterus_salmoides_and_27706_and_Micropterus_floridanus	99.78071073919087	100.0	99.74914644351465	99.10415839497671	actinopterygii	459.73221757322176	267.0	3638	245	3583	.98488180318856514568	98089506	31753162	.32371619855033218334	GCF_014851395.1_ASM1485139v1_cds_from_genomic.fna	GCA_002592385.1_ASM259238v1_genomic.fna
Megalops_cyprinoides_and_118141_and_Megalops_atlanticus	96.29347389330295	96.429	97.05913733905584	95.74432788034913	actinopterygii	430.63876276958	261.0	3628	244	3517	.96940463065049614112	82756552	46788820	.56537904092475964924	GCF_013368585.1_fMegCyp1.pri_cds_from_genomic.fna	GCA_019176425.1_MATL_1.0_genomic.fna
Larimichthys_crocea_and_215358_and_Larimichthys_polyactis	98.92359126984093	99.07650000000001	99.12698260869564	98.33895248280176	actinopterygii	414.3109410430839	257.0	3639	244	3524	.96839791151415223962	103984255	49410213	.47517013994089778303	GCF_000972845.2_L_crocea_2.0_cds_from_genomic.fna	GCA_018985215.1_ZAAS_Lpoly_1.0_genomic.fna
Hippoglossus_hippoglossus_and_8267_and_Hippoglossus_stenolepis	99.61042501414802	99.716	99.69212970711298	99.14812947743047	actinopterygii	450.6233729485003	265.0	3635	245	3530	.97111416781292984869	110538678	44845880	.40570306078746481842	GCF_009819705.1_fHipHip1.pri_cds_from_genomic.fna	GCA_013339905.1_IPHC_HiSten_1.0_genomic.fna
Haliaeetus_albicilla_and_8969_and_Haliaeetus_leucocephalus	99.87699153685766	100.0	99.86100444444442	99.81540021091632	aves	503.6175640868392	261.0	8293	231	8031	.96840709031713493307	29379823	18567459	.63197994759873127894	GCF_000691405.1_ASM69140v1_cds_from_genomic.fna	GCA_000737465.1_Haliaeetus_leucocephalus-4.0_genomic.fna
Gopherus_evgoodei_and_1825980_and_Gopherus_agassizii	99.6293060463834	99.746	99.53950833333332	98.97028054404902	sauropsida	559.6954721148537	290.5	7470	246	7229	.96773761713520749665	106030412	33742426	.31823347060086873943	GCF_007399415.2_rGopEvg1_v1.p_cds_from_genomic.fna	GCA_002896415.1_ASM289641v1_genomic.fna
Gasterosteus_aculeatus_and_69293_and_Gasterosteus_nipponicus	99.2883441886581	99.4195	99.4517800829875	98.9230749379951	actinopterygii	411.24396406513193	256.0	3626	247	3558	.98124655267512410369	99056745	38220370	.38584318513595414426	GCF_016920845.1_GAculeatus_UGA_version5_cds_from_genomic.fna	GCA_014132575.2_Gnip_1.0_genomic.fna
Gambusia_affinis_and_33528_and_Gambusia_holbrooki	99.33831085395062	99.448	99.47513333333337	99.07815889594664	cyprinodontiformes	532.8054668794892	311.0	15194	244	14947	.98374358299328682374	108216172	34933003	.32280760217613315688	GCF_019740435.1_SWU_Gaff_1.0_cds_from_genomic.fna	GCA_009663075.1_ASM966307v1_genomic.fna
Gadus_morhua_and_8049_and_Gadus_chalcogrammus	99.20052597031938	99.39	99.35346382978726	98.03452797442432	actinopterygii	365.3279109589041	234.0	3612	245	3483	.96428571428571428571	98494734	20013497	.20319357378029976709	GCF_902167405.1_gadMor3.0_cds_from_genomic.fna	GCA_900302575.1_ASM90030257v1_genomic.fna
Falco_naumanni_and_148594_and_Falco_tinnunculus	99.59823070388357	99.668	99.6006748971194	99.53840608525394	aves	551.2983009708738	286.0	8333	247	8220	.98643945757830313212	91072143	26470857	.29065811046084640832	GCF_017639655.2_bFalNau1.pat_cds_from_genomic.fna	GCA_010332995.1_FalTin1.0_genomic.fna
Falco_peregrinus_and_8954_and_Falco_rusticolus	99.7866221304507	100.0	99.75854042553193	99.58575124632436	aves	534.4825701445403	275.0	8320	240	8208	.98653846153846153846	63802615	25831195	.40486107034954601782	GCF_000337955.1_F_peregrinus_v1.0_cds_from_genomic.fna	GCA_015220075.1_bFalRus1.pri_genomic.fna
Falco_rusticolus_and_120794_and_Falco_cherrug	99.91421423375375	100.0	99.89816250000004	99.72732202396743	aves	535.8757274490786	271.0	8330	246	8225	.98739495798319327731	90875356	25777847	.28366157927348312121	GCF_015220075.1_bFalRus1.pri_cds_from_genomic.fna	GCA_000337975.1_F_cherrug_v1.0_genomic.fna
Epinephelus_lanceolatus_and_310571_and_Epinephelus_coioides	98.9427203579415	99.06	98.97508749999993	98.31118481634803	actinopterygii	423.6129753914989	261.0	3637	246	3573	.98240307946109430849	95933956	44817956	.46717510534017798661	GCF_005281545.1_ASM528154v1_cds_from_genomic.fna	GCA_900536245.1_Grouper_genomic.fna
Danio_rerio_and_7955_and_Danio_aesculapii	96.16267306040665	96.309	96.70317372881358	89.16407717548255	actinopterygii	424.15488119095335	254.0	3632	248	3481	.95842511013215859030	120694274	262904346	2.17826693253070149790	GCF_000002035.6_GRCz11_cds_from_genomic.fna	GCA_903798145.1_fDanAes4.1_genomic.fna
Cygnus_atratus_and_8868_and_Cygnus_olor	99.45968588807789	99.536	99.51524999999998	98.97127945108447	aves	542.2041362530414	282.0	8321	247	8188	.98401634418940031246	72249415	30287314	.41920497210946275481	GCF_013377495.1_Cygnus_atratus_primary_v1.0_cds_from_genomic.fna	GCA_009769625.2_bCygOlo1.pri.v2_genomic.fna
Cygnus_olor_and_8869_and_Cygnus_atratus	99.45541499574679	99.535	99.51535123966943	98.31085009451185	aves	549.9682829019322	286.0	8324	248	8196	.98462277751081210956	106108213	32263514	.30406236320274284517	GCF_009769625.2_bCygOlo1.pri.v2_cds_from_genomic.fna	GCA_013377495.1_Cygnus_atratus_primary_v1.0_genomic.fna
Corvus_kubaryi_and_68294_and_Corvus_macrorhynchos	99.80751548423409	100.0	99.83421367521365	99.72336370624876	passeriformes	540.6141141141142	287.0	10774	240	10545	.97874512715797289771	95592041	23408033	.24487428822656898810	GCF_017639235.1_C.kubaryi_AGA036_p1.0_cds_from_genomic.fna	GCA_014363025.1_C_macrorhynchos_scaffold_01_genomic.fna
Coregonus_clupeaformis_and_59861_and_Coregonus_lavaretus				99.408	actinopterygii			3639	246	0	0	155373208	169	.00000108770361489865	GCF_020615455.1_ASM2061545v1_cds_from_genomic.fna	GCA_905477555.1_ML_MAG_01_genomic.fna
Cariama_cristata_and_54380_and_Chunga_burmeisteri	99.01106551388261	99.13550000000001	99.24251739130433	99.01420504854259	aves	500.78969800292253	260.5	8321	233	8153	.97981011897608460521	23729916	18275369	.77014048427310067174	GCF_000690535.1_ASM69053v1_cds_from_genomic.fna	GCA_013396505.1_ASM1339650v1_genomic.fna
Chlamydotis_macqueenii_and_187382_and_Chlamydotis_undulata	99.77665159251147	100.0	99.77691402714927	99.6237322673551	aves	509.28507172380256	260.0	8303	225	8138	.98012766469950620257	22600768	18023886	.79748997910159513163	GCF_000695195.1_ASM69519v1_cds_from_genomic.fna	GCA_003400225.2_REN_Cundu_1.1_genomic.fna
Carassius_auratus_and_7957_and_Carassius_gibelio	99.43693739519252	99.602	99.55194999999999	95.9787685875427	actinopterygii	451.2456679709335	264.0	3631	245	3576	.98485265767006334343	210277965	143267438	.68132406550538949718	GCF_003368295.1_ASM336829v1_cds_from_genomic.fna	GCA_019843895.1_ASM1984389v1_genomic.fna
Anser_cygnoides_and_8845_and_Anser_indicus	99.56630980439817	99.667	99.58888034188034	99.55108569674378	aves	526.5526667476613	274.0	8313	239	8189	.98508360399374473715	62993785	23153190	.36754721120504189421	GCF_000971095.1_AnsCyg_PRJNA183603_v1.0_cds_from_genomic.fna	GCA_006229135.1_ASM622913v1_genomic.fna
Anguilla_anguilla_and_7936_and_Anguilla_rostrata	99.28208172404119	99.468	99.40676470588235	97.18772332817821	actinopterygii	427.9241533725161	260.0	3629	243	3565	.98236428768255717828	129893019	59604674	.45887511475886167523	GCF_013347855.1_fAngAng1.pri_cds_from_genomic.fna	GCA_018555375.2_ASM1855537v1.1_genomic.fna
Anas_platyrhynchos_and_8839_and_Anas_zonorhyncha	99.62392438402718	99.823	99.64946218487395	99.21608351835715	aves	550.6745964316058	283.0	8330	243	8216	.98631452581032412965	100214049	30089404	.30025135497718488552	GCF_015476345.1_ZJU1.0_cds_from_genomic.fna	GCA_002224875.1_ASM222487v1_genomic.fna
Amphiprion_ocellaris_and_80972_and_Amphiprion_percula	99.45538153846131	99.533	99.46017355371903	98.28808725715412	actinopterygii	459.2855944055944	266.0	3633	245	3571	.98293421414808698045	111431257	50294927	.45135385128070483849	GCF_002776465.1_AmpOce1.0_cds_from_genomic.fna	GCA_003047355.2_Nemo_v1.1_genomic.fna
Alligator_mississippiensis_and_8496_and_Alligator_sinensis	99.01580631179755	99.175	99.06691250000009	98.59028372421213	sauropsida	537.5932547744819	276.0	7466	243	7365	.98647200642914545941	84989666	31657453	.37248590905157810597	GCF_000281125.3_ASM28112v4_cds_from_genomic.fna	GCA_000455745.1_ASM45574v1_genomic.fna
