4846
4874
4896
4896
4896
4896
4896
4896
4896
4896
4896
4896
4896
4896
4896
4896
4896
4896
4896
4896
4897
4903
4903
4909
4909
4909
4909
4909
4909
4909
4909
4909
4909
4909
4909
4909
4909
4909
4911
4911
4911
4911
4911
4911
4911
4911
4911
4911
4911
4911
4911
4911
4911
4911
4911
4921
4922
4922
4922
4922
4922
4922
4922
4922
4922
4922
4922
4922
4922
4922
4922
4922
4922
4922
4922
4922
4922
4922
4922
4922
4922
4922
4922
4922
4922
4922
4922
4924
4926
4927
4927
4927
4927
4927
4927
4927
4927
4929
4929
4929
4929
4929
4929
4929
4931
4931
4931
4931
4932
4932
4932
4932
4932
4932
4932
4932
4932
4932
4932
4932
4932
4932
4932
4932
4932
4932
4932
4932
4932
4932
4932
4932
4932
4932
4932
4932
4932
4932
4932
4932
4932
4932
4932
4932
4932
4932
4932
4932
4932
4932
4932
4932
4932
4932
4932
4932
4932
4932
4932
4932
4932
4932
4932
4932
4932
4932
4932
4932
4932
4932
4932
4932
4932
4932
4932
4932
4932
4932
4932
4932
4932
4932
4932
4932
4932
4932
4932
4932
4932
4932
4932
4932
4932
4932
4932
4932
4932
4932
4932
4932
4932
4932
4932
4932
4932
4932
4932
4932
4932
4932
4932
4932
4932
4932
4932
4932
4932
4932
4932
4932
4932
4932
4932
4932
4932
4932
4932
4932
4932
4932
4932
4932
4932
4932
4932
4932
4932
4932
4932
4932
4932
4932
4932
4932
4932
4932
4932
4932
4932
4932
4932
4932
4932
4932
4932
4932
4932
4932
4932
4932
4932
4932
4932
4932
4932
4932
4932
4932
4932
4932
4932
4932
4932
4932
4932
4932
4932
4932
4932
4932
4932
4932
4932
4932
4932
4932
4932
4932
4932
4932
4932
4932
4932
4932
4932
4932
4932
4932
4932
4932
4932
4932
4932
4932
4932
4932
4932
4932
4932
4932
4932
4932
4932
4932
4932
4932
4932
4932
4932
4932
4932
4932
4932
4932
4932
4932
4932
4932
4932
4932
4932
4932
4932
4932
4932
4932
4932
4932
4932
4932
4932
4932
4932
4932
4932
4932
4932
4932
4932
4932
4932
4932
4932
4932
4932
4932
4932
4932
4932
4932
4932
4932
4932
4932
4932
4932
4932
4932
4932
4932
4932
4932
4932
4932
4932
4932
4932
4932
4932
4932
4932
4932
4932
4932
4932
4932
4932
4932
4932
4932
4932
4932
4932
4932
4932
4932
4932
4932
4932
4932
4932
4932
4932
4932
4932
4932
4932
4932
4932
4932
4932
4932
4932
4932
4932
4932
4932
4932
4932
4932
4932
4932
4932
4932
4932
4932
4932
4932
4932
4932
4932
4932
4932
4932
4932
4932
4932
4932
4932
4932
4932
4932
4932
4932
4932
4932
4932
4932
4932
4932
4932
4932
4932
4932
4932
4932
4932
4932
4932
4932
4932
4932
4932
4932
4932
4932
4932
4932
4932
4932
4932
4932
4932
4932
4932
4932
4932
4932
4932
4932
4932
4932
4932
4932
4932
4932
4932
4932
4932
4932
4932
4932
4932
4932
4932
4932
4932
4932
4932
4932
4932
4932
4932
4932
4932
4932
4932
4932
4932
4932
4932
4932
4932
4932
4932
4932
4932
4932
4932
4932
4932
4932
4932
4932
4932
4932
4932
4932
4932
4932
4932
4932
4932
4932
4932
4932
4932
4932
4932
4932
4932
4932
4932
4932
4932
4932
4932
4932
4932
4932
4932
4932
4932
4932
4932
4932
4932
4932
4932
4932
4932
4932
4932
4932
4932
4932
4932
4932
4932
4932
4932
4932
4932
4932
4932
4932
4932
4932
4932
4932
4932
4932
4932
4932
4932
4932
4932
4932
4932
4932
4932
4932
4932
4932
4932
4932
4932
4932
4932
4932
4932
4932
4932
4932
4932
4932
4932
4932
4932
4932
4932
4932
4932
4932
4932
4932
4932
4932
4932
4932
4932
4932
4932
4932
4932
4932
4932
4932
4932
4932
4932
4932
4932
4932
4932
4932
4932
4932
4932
4932
4932
4932
4932
4932
4932
4932
4932
4932
4932
4932
4932
4932
4932
4932
4932
4932
4932
4932
4932
4932
4932
4932
4932
4932
4932
4932
4932
4932
4932
4932
4932
4932
4932
4932
4932
4932
4932
4932
4932
4932
4932
4932
4932
4932
4932
4932
4932
4932
4932
4932
4932
4932
4932
4932
4932
4932
4932
4932
4932
4932
4932
4932
4932
4932
4932
4932
4932
4932
4932
4932
4932
4932
4932
4932
4932
4932
4932
4932
4932
4932
4932
4932
4932
4932
4932
4932
4932
4932
4932
4932
4932
4932
4932
4932
4932
4932
4932
4932
4932
4932
4932
4932
4932
4932
4932
4932
4932
4932
4932
4932
4932
4932
4932
4932
4932
4932
4932
4932
4932
4932
4932
4932
4932
4932
4932
4932
4932
4932
4932
4932
4932
4932
4932
4932
4932
4932
4932
4932
4932
4932
4932
4932
4932
4932
4932
4932
4932
4932
4932
4932
4932
4932
4932
4932
4932
4932
4932
4932
4932
4932
4932
4932
4932
4932
4932
4932
4932
4932
4932
4932
4932
4932
4932
4932
4932
4932
4932
4932
4932
4932
4932
4932
4932
4932
4932
4932
4932
4932
4932
4932
4932
4932
4932
4932
4932
4932
4932
4932
4932
4932
4932
4932
4932
4932
4932
4932
4932
4932
4932
4932
4932
4932
4932
4932
4932
4932
4932
4932
4932
4932
4932
4932
4932
4932
4932
4932
4932
4932
4932
4932
4932
4932
4932
4932
4932
4932
4932
4932
4932
4932
4932
4932
4932
4932
4932
4932
4932
4932
4932
4932
4932
4932
4932
4932
4932
4932
4932
4932
4932
4932
4932
4932
4932
4932
4932
4932
4932
4932
4932
4932
4932
4932
4932
4932
4932
4932
4932
4932
4932
4932
4932
4932
4932
4932
4932
4932
4932
4932
4932
4932
4932
4932
4932
4932
4932
4932
4932
4932
4932
4932
4932
4932
4932
4932
4932
4932
4932
4932
4932
4932
4932
4932
4932
4932
4932
4932
4932
4932
4932
4932
4932
4944
4944
4950
4950
4950
4950
4950
4950
4950
4950
4950
4950
4950
4950
4950
4950
4952
4952
4952
4952
4952
4952
4952
4952
4952
4952
4952
4952
4952
4952
4952
4952
4952
4952
4952
4952
4952
4956
4956
4956
4956
4956
4956
4959
4959
4959
4959
4959
4959
4959
4959
4959
5007
5007
5007
5007
5007
5007
5007
5007
5007
5007
5011
5016
5017
5022
5025
5025
5025
5025
5025
5025
5025
5025
5025
5025
5025
5025
5025
5025
5025
5025
5025
5025
5025
5025
5025
5025
5025
5025
5025
5025
5025
5025
5025
5025
5025
5025
5025
5025
5025
5025
5025
5025
5025
5025
5025
5025
5025
5025
5025
5025
5025
5025
5025
5025
5025
5025
5025
5025
5025
5025
5025
5025
5025
5025
5025
5025
5025
5025
5025
5025
5025
5025
5025
5025
5025
5025
5025
5025
5025
5025
5025
5025
5025
5025
5025
5025
5025
5025
5025
5025
5025
5037
5037
5037
5059
5059
5059
5059
5059
5059
5059
5059
5059
5059
5059
5059
5059
5059
5059
5059
5059
5059
5059
5059
5059
5059
5059
5059
5059
5059
5059
5059
5059
5059
5059
5059
5059
5059
5059
5059
5059
5059
5059
5059
5059
5059
5059
5059
5059
5059
5059
5059
5059
5059
5059
5059
5059
5059
5059
5059
5059
5059
5059
5059
5059
5059
5059
5059
5059
5059
5059
5059
5059
5059
5059
5059
5059
5059
5059
5059
5059
5059
5059
5059
5059
5059
5059
5059
5059
5059
5059
5059
5059
5059
5059
5059
5059
5059
5059
5059
5059
5059
5059
5059
5059
5059
5059
5059
5059
5059
5059
5059
5061
5061
5061
5061
5061
5061
5061
5061
5061
5061
5061
5061
5061
5061
5061
5061
5061
5061
5061
5062
5062
5062
5062
5062
5062
5062
5062
5062
5062
5062
5062
5062
5062
5062
5062
5062
5062
5062
5062
5062
5062
5062
5062
5062
5062
5062
5062
5062
5062
5062
5062
5062
5062
5062
5062
5062
5062
5062
5062
5062
5062
5062
5062
5062
5062
5062
5062
5062
5062
5062
5062
5062
5062
5062
5062
5062
5062
5062
5062
5062
5062
5062
5062
5062
5062
5062
5062
5062
5062
5062
5062
5062
5062
5062
5062
5062
5062
5062
5062
5062
5062
5062
5062
5062
5062
5062
5062
5062
5062
5062
5062
5062
5062
5067
5067
5067
5067
5067
5067
5067
5068
5068
5068
5068
5068
5068
5068
5068
5075
5075
5075
5075
5076
5076
5076
5076
5076
5076
5076
5076
5076
5076
5076
5076
5076
5076
5076
5076
5076
5076
5077
5077
5077
5078
5078
5082
5082
5082
5098
5098
5098
5098
5101
5101
5111
5111
5111
5111
5111
5111
5111
5111
5111
5111
5111
5111
5111
5111
5111
5111
5111
5111
5111
5111
5111
5111
5111
5111
5111
5116
5116
5116
5116
5116
5116
5116
5116
5116
5116
5116
5116
5116
5116
5116
5116
5116
5116
5116
5116
5116
5116
5116
5116
5116
5116
5116
5116
5116
5116
5116
5116
5116
5116
5116
5116
5116
5116
5116
5116
5116
5116
5116
5116
5116
5116
5116
5116
5116
5116
5116
5116
5116
5116
5116
5116
5116
5116
5116
5116
5116
5116
5116
5116
5116
5116
5116
5116
5116
5116
5116
5116
5116
5116
5116
5116
5116
5116
5116
5116
5116
5116
5116
5116
5116
5116
5116
5116
5116
5116
5116
5116
5127
5127
5127
5127
5127
5127
5127
5127
5127
5127
5127
5127
5127
5127
5127
5127
5127
5127
5127
5127
5127
5128
5141
5141
5147
5158
5158
5163
5180
5207
5207
5207
5207
5207
5207
5207
5207
5207
5207
5207
5207
5207
5207
5207
5207
5207
5207
5210
5217
5270
5270
5270
5270
5270
5270
5270
5270
5270
5270
5270
5270
5270
5270
5270
5270
5270
5270
5270
5270
5270
5270
5270
5270
5270
5270
5270
5270
5270
5270
5270
5270
5272
5272
5272
5272
5272
5272
5272
5272
5272
5272
5272
5272
5272
5272
5286
5286
5286
5286
5286
5286
5286
5286
5286
5286
5286
5286
5286
5286
5286
5315
5322
5322
5323
5323
5323
5334
5334
5334
5334
5334
5334
5334
5334
5334
5334
5334
5334
5334
5334
5334
5334
5334
5334
5334
5334
5334
5334
5334
5334
5334
5334
5334
5334
5334
5334
5334
5341
5346
5353
5353
5353
5353
5353
5353
5383
5411
5417
5417
5418
5454
5454
5467
5467
5467
5476
5476
5476
5476
5476
5476
5476
5476
5476
5476
5476
5476
5476
5476
5476
5476
5476
5476
5476
5476
5476
5476
5476
5476
5476
5476
5476
5476
5476
5476
5476
5476
5476
5476
5476
5476
5477
5477
5477
5477
5477
5477
5477
5477
5477
5477
5477
5478
5478
5478
5478
5478
5478
5478
5478
5478
5478
5478
5478
5478
5478
5478
5478
5478
5478
5478
5478
5478
5478
5478
5478
5478
5478
5478
5478
5478
5478
5478
5480
5480
5480
5480
5480
5480
5480
5480
5480
5480
5480
5480
5480
5480
5480
5480
5480
5482
5482
5482
5482
5482
5482
5482
5482
5501
5507
5507
5507
5507
5507
5507
5507
5507
5507
5507
5507
5507
5507
5507
5507
5507
5507
5507
5507
5507
5507
5507
5507
5507
5507
5507
5507
5507
5507
5507
5507
5507
5507
5507
5507
5507
5507
5507
5507
5507
5507
5507
5507
5507
5507
5507
5507
5507
5507
5507
5507
5507
5507
5507
5507
5507
5507
5507
5507
5507
5507
5507
5507
5507
5507
5507
5507
5507
5507
5507
5507
5507
5507
5507
5507
5507
5507
5507
5507
5507
5507
5507
5507
5507
5507
5507
5507
5507
5507
5507
5507
5507
5507
5507
5507
5507
5507
5507
5507
5507
5507
5507
5507
5507
5507
5507
5507
5507
5507
5507
5507
5507
5507
5507
5507
5507
5507
5507
5507
5507
5507
5507
5507
5507
5507
5507
5507
5507
5507
5507
5507
5507
5507
5507
5507
5507
5507
5507
5507
5507
5507
5507
5507
5507
5507
5507
5507
5507
5507
5507
5507
5507
5507
5507
5507
5507
5507
5507
5507
5507
5507
5507
5507
5507
5507
5507
5507
5507
5507
5507
5507
5507
5507
5507
5507
5507
5507
5507
5507
5507
5507
5507
5507
5507
5507
5507
5507
5507
5507
5507
5507
5507
5507
5507
5507
5507
5507
5507
5507
5507
5507
5507
5507
5507
5507
5507
5507
5507
5507
5507
5507
5507
5507
5507
5507
5507
5507
5507
5507
5507
5507
5507
5507
5507
5507
5507
5507
5507
5507
5507
5507
5507
5507
5507
5507
5507
5507
5507
5507
5507
5507
5507
5507
5507
5507
5507
5507
5507
5507
5507
5507
5507
5507
5507
5507
5507
5507
5507
5507
5507
5507
5507
5507
5507
5507
5507
5507
5507
5507
5507
5507
5507
5507
5507
5507
5507
5507
5507
5507
5507
5507
5507
5507
5507
5507
5507
5507
5507
5507
5507
5507
5507
5507
5507
5507
5507
5507
5507
5507
5507
5507
5507
5507
5507
5507
5507
5507
5507
5507
5507
5507
5507
5507
5507
5507
5507
5507
5507
5507
5507
5507
5507
5507
5507
5507
5507
5507
5507
5507
5507
5507
5507
5507
5507
5507
5507
5507
5507
5507
5507
5507
5507
5507
5507
5507
5507
5507
5507
5507
5507
5507
5507
5507
5507
5507
5507
5507
5507
5507
5507
5507
5507
5507
5507
5507
5507
5507
5507
5507
5507
5507
5507
5507
5514
5514
5514
5516
5516
5516
5516
5518
5518
5518
5518
5518
5518
5518
5518
5518
5518
5518
5518
5518
5518
5518
5518
5518
5518
5518
5518
5518
5518
5518
5518
5518
5518
5518
5518
5518
5518
5518
5518
5518
5518
5518
5518
5518
5518
5518
5518
5518
5518
5518
5518
5518
5518
5518
5518
5518
5518
5518
5518
5518
5518
5518
5518
5518
5518
5518
5518
5518
5518
5518
5518
5518
5518
5518
5518
5518
5518
5518
5518
5518
5518
5518
5518
5518
5518
5518
5518
5518
5518
5518
5518
5518
5518
5518
5518
5518
5518
5518
5518
5518
5518
5518
5518
5518
5518
5518
5518
5518
5518
5518
5518
5518
5518
5518
5518
5518
5518
5518
5518
5518
5518
5530
5530
5535
5537
5537
5537
5537
5537
5537
5537
5537
5537
5537
5537
5537
5537
5537
5537
5537
5537
5537
5537
5537
5537
5537
5537
5537
5537
5537
5537
5537
5537
5537
5537
5537
5537
5537
5537
5537
5537
5537
5537
5537
5537
5537
5537
5537
5537
5537
5537
5537
5537
5537
5537
5537
5537
5537
5537
5537
5537
5537
5537
5537
5537
5537
5537
5537
5537
5537
5537
5537
5537
5537
5537
5537
5537
5537
5537
5537
5537
5537
5537
5537
5537
5537
5537
5537
5537
5537
5537
5537
5537
5537
5537
5537
5537
5537
5537
5537
5537
5537
5537
5537
5544
5544
5544
5544
5544
5544
5544
5544
5551
5551
5551
5551
5551
5551
5551
5551
5551
5551
5551
5551
5551
5551
5551
5554
5580
5580
5580
5580
5580
5580
5580
5580
5580
5580
5580
5580
5580
5580
5580
5580
5580
5580
5580
5580
5580
5580
5580
5580
5580
5580
5580
5580
5580
5580
5580
5580
5580
5580
5580
5580
5580
5580
5580
5580
5580
5580
5580
5580
5580
5580
5580
5580
5580
5580
5580
5580
5580
5580
5580
5580
5580
5580
5580
5580
5580
5580
5580
5580
5580
5580
5580
5580
5580
5580
5580
5599
5599
5599
5599
5599
5599
5599
5599
5599
5599
5599
5599
5599
5599
5599
5599
5599
5599
5599
5599
5599
5601
5601
5601
5601
5601
5601
5601
5619
5627
5630
5630
5630
5630
5643
5970
5970
5970
5970
5970
5970
13290
13291
13368
13368
13368
13370
13370
13370
13563
13563
13684
13684
13684
13684
13684
13684
13684
13684
13684
13684
13684
13684
13684
13684
13684
13684
13684
13684
13684
13684
13684
13684
13684
13684
13684
13684
13684
13684
13684
13684
13684
13684
13684
13684
13684
13684
13684
13684
13684
13684
13684
13684
13684
13684
13684
13684
13684
13684
13684
13684
13684
13684
13684
13684
13684
13684
13684
13684
13684
13684
13684
13684
13684
13684
13684
13684
13684
13684
13684
13684
13684
13684
13684
13684
13684
13684
13684
13684
13684
13684
13684
13684
13684
13684
13684
13684
13684
13684
13684
13684
13684
13684
13684
13684
13684
13684
13684
13684
13684
13684
13684
13684
13684
13684
13684
13684
13684
13684
13684
13684
13684
13684
13684
13684
13684
13684
13684
13684
13684
13684
13684
13684
13684
13684
13684
13684
13684
13684
13684
13684
13684
13684
13684
13684
13684
13684
13684
13684
13684
13684
13684
13684
13684
13684
13684
13684
13684
13684
13684
13684
13684
13684
13684
13684
13684
13684
13684
13684
13684
13684
13684
13684
13684
13684
13684
13684
13684
13684
13684
13684
13684
13684
13684
13684
13684
27288
27288
27288
27288
27289
27291
27291
27291
27291
27291
27291
27291
27291
27291
27291
27291
27291
27291
27291
27291
27291
27291
27291
27291
27291
27291
27291
27291
27291
27291
27291
27291
27291
27291
27291
27291
27291
27291
27291
27291
27291
27291
27291
27291
27291
27292
27292
27292
27292
27292
27292
27292
27292
27292
27292
27292
27292
27292
27292
27292
27292
27292
27292
27292
27293
27293
27293
27294
27294
27304
27304
27321
27322
27323
27327
27334
27334
27334
27334
27334
27337
27337
27337
27337
27337
27337
27337
27337
27337
27337
27337
27337
27337
27337
27337
27337
27337
27337
27337
27337
27337
27337
27337
27337
27337
27337
27337
27337
27337
27337
27337
27337
27350
27350
27350
27350
27350
27350
27357
27357
27357
27357
27357
27357
27357
27357
27357
27357
27357
27357
27357
27357
27357
27357
27357
27357
27357
27357
27357
27357
27357
27357
27358
27358
27973
28985
28985
28995
28995
29830
29833
29833
29833
29833
29833
29833
29833
29833
29835
29847
29856
29856
29856
29856
29856
29856
29856
29875
29875
29875
29879
29879
29879
29879
29879
29879
29879
29879
29879
29879
29879
29879
29879
29879
29879
29879
29879
29879
29879
29879
29879
29879
29879
29879
29879
29879
29879
29879
29879
29879
29879
29879
29879
29879
29879
29879
29879
29879
29879
29879
29879
29881
29881
29881
29881
29881
29881
29881
29881
29881
29881
29881
29881
29881
29902
29908
29908
29910
29910
29910
29910
29910
29910
29917
29917
29917
31870
33178
33178
33178
33178
33178
33178
33178
33178
33178
33203
33203
33203
33203
33203
34356
34356
34356
34381
34388
34388
34388
34458
34458
34485
35629
35629
35629
35629
35629
35629
35629
35629
35629
35717
35717
35717
35725
35725
35725
35725
35725
35725
35725
35725
35725
35725
35725
35725
35725
35725
35725
35725
35725
35725
35725
35725
35725
35725
36015
36016
36022
36022
36022
36022
36035
36035
36035
36035
36036
36038
36038
36044
36050
36050
36056
36056
36080
36630
36630
36630
36630
36651
36651
36779
36909
36911
36911
36911
36911
36911
36911
36911
36911
36911
36911
36911
36911
36911
36911
36911
36911
36911
36911
36911
36911
36911
36911
36911
36911
36911
36911
36911
36911
36911
37662
37662
37662
37662
37727
37727
37727
37727
37727
37727
37769
37769
37992
38033
38448
38448
38448
38457
38457
38492
38945
39291
39291
39291
39397
39412
39412
39412
39412
39966
39966
40145
40145
40145
40199
40199
40199
40199
40199
40199
40199
40199
40199
40199
40262
40262
40262
40262
40262
40262
40296
40296
40302
40355
40380
40381
40381
40381
40483
40559
40559
40559
40559
40559
40559
40559
40559
40559
40559
40559
40559
40559
40559
40559
40559
40559
40559
40559
40559
40559
40559
40559
40559
40559
40559
40559
40559
40559
40559
40559
40559
40559
40601
40658
40658
40997
40997
40997
40997
40997
40998
40998
40998
40998
40998
40998
40998
40998
40998
40998
41058
41058
41058
41061
746128
41418
41734
41734
41734
41734
41734
41734
41984
41984
42068
42068
42258
42258
42260
42374
42374
42665
42673
42673
42676
42677
42677
43049
43049
43049
43049
43049
43049
43049
43049
43265
43984
44092
44941
45130
45130
45130
45130
45130
45130
45133
45133
45133
45133
45133
45134
45134
45151
45151
45151
45151
45151
45151
45151
45151
45151
45151
45354
45354
45357
45357
45589
45609
45788
45788
46472
46634
46634
46634
46634
46634
46634
46634
46634
46634
46634
46634
46634
46634
46634
46634
46634
46634
46634
46634
46634
46634
46634
46634
46634
46634
46634
46634
46634
46634
46634
46634
46634
46634
46634
46634
46634
46634
46634
46634
46634
46634
46634
46634
46634
46634
46634
46634
46634
46634
46634
46634
46634
46634
46634
46634
46634
46634
47278
47278
47427
48100
48484
48484
48484
48484
48486
48490
48490
48490
48490
48490
48490
48490
48490
48490
48490
48490
48490
48490
48579
48703
48865
48865
48865
49012
49012
49224
50376
50730
51453
51453
51453
51453
51453
51453
51453
51453
51541
51541
51541
51541
51541
51541
51541
51541
51541
51582
51918
52253
52586
52586
52586
52586
52586
53485
53488
1351752
1351752
1351752
1351752
1351752
1351752
1351752
55169
55169
55169
55169
55169
55169
55169
55181
55181
55181
55181
55181
55181
55181
55181
55181
55181
55181
55181
55181
55181
55181
55181
55181
55181
55194
55194
55194
55194
55194
55194
55194
55194
55307
55514
55514
56406
56408
56409
56409
56417
5297
5297
5297
5297
56641
56646
56646
56646
57153
57679
57679
58291
58291
58291
58291
58291
58291
58291
58291
58291
58627
59586
59586
59586
59586
59586
59586
59586
59586
59586
59586
59586
59586
59586
59586
59586
59586
59586
59586
59586
59586
59586
59586
59586
59586
59586
59586
59586
59586
59586
59586
59586
59586
59586
59586
59586
59586
59586
59586
59586
59586
59586
59586
5507
5507
5507
5507
5507
5507
5507
5507
5507
5507
5507
5507
5507
5507
5507
5507
60169
60169
60169
60172
60172
61186
61186
61235
61235
61235
61235
61235
61235
61235
61235
61235
61235
61235
61235
61235
61235
61235
61235
61235
61235
61235
61235
61235
61262
61284
61284
61284
61284
61284
5507
5507
5507
5507
5507
5507
5507
5507
5507
5507
5507
5507
5507
5507
5507
5507
5507
5507
5507
5507
5507
5507
5507
5507
5507
5507
5507
5507
5507
5507
5507
5507
5507
5507
5507
5507
5507
5507
5507
5507
5507
5507
5507
5507
5507
5507
5507
5507
5507
5507
5507
5507
5507
5507
5507
5507
5507
5507
5507
5507
34373
62708
62708
63396
63577
63577
63577
63577
63577
63577
64363
64363
64363
64363
64363
64363
64363
64363
64363
64363
64363
64363
64363
64363
64363
64363
64363
64495
64495
64495
64495
64495
64495
64495
64495
64495
64495
64495
64495
64495
64495
64495
64495
64495
64495
64495
64495
64495
64495
64495
64495
64495
64495
64495
64495
64495
64495
64495
64495
64495
64495
64495
64495
64495
64495
64495
64495
64518
64518
64518
64518
64518
64518
64518
64522
64525
64571
64608
64609
64638
64638
66738
66948
66948
66948
66948
66948
67622
69766
69781
69781
69781
69781
69788
69891
69891
69891
70792
72032
72228
72228
72228
5507
73501
73501
73517
73518
73520
75553
75736
75736
75736
75750
75750
75811
76130
76130
76773
76773
76773
76773
76775
76775
76776
76777
76777
76777
76777
76777
76777
76777
77020
77020
77044
77044
77044
77044
77044
77851
78410
78410
78410
78898
78898
78898
79018
79588
79588
80600
80600
80600
80600
80600
80600
80661
80884
80884
81478
81478
82508
82508
82517
82517
82524
83186
83186
83186
84275
84275
84562
84562
84607
84751
84753
86049
86056
86056
86056
86256
86256
86257
86259
86259
58291
86804
86836
86836
86836
86836
86836
86836
86837
86838
87126
87229
89141
89488
89488
89488
89489
89921
89926
89940
90253
58291
91492
91492
91492
91492
91492
91752
91928
91928
91928
91928
91928
91928
91928
91928
91928
91943
91943
91943
91943
91943
91943
91943
91943
91943
91943
91943
91943
91943
92637
92637
94130
94610
94610
94610
94610
94610
94610
94610
94610
94610
94610
94610
94610
94610
94610
94610
94610
94610
94610
94610
94610
94610
94610
94610
94610
94610
94610
94610
94610
94610
94610
94610
94610
94610
94610
5507
5507
5507
97331
97331
53485
53485
53485
53485
53485
53485
53485
53485
53485
53485
53485
53485
53485
53485
98233
98342
98403
98760
98765
100787
100787
100787
100787
100787
100787
100787
100816
100816
100816
5507
5507
5507
5507
5507
5507
5507
5507
5507
5507
5507
5507
5507
5507
5507
5507
5507
5507
5507
5507
5507
5507
5507
5507
5507
5507
5507
5507
5507
5507
5507
5507
5507
5507
5507
5507
5507
5507
5507
5507
5507
100951
100951
100951
101028
101028
101028
101097
101162
101201
101201
101201
101201
101201
101201
101201
101201
101201
101201
101480
101480
101480
104259
104259
104341
104408
104414
105696
105984
106004
106004
106018
106018
106403
106403
109634
109871
111463
5507
5507
5507
114155
114155
114155
114524
114524
117010
117070
117179
117187
117187
117187
117187
117187
119927
119927
119927
119927
119927
119927
119927
119933
119933
119953
120017
120017
120017
5507
5507
5507
5507
5507
5507
5507
5507
5507
5507
5507
5507
5507
5507
5507
5507
5507
5507
5507
5507
5507
5507
5507
5507
5507
5507
5507
5507
5507
5507
5507
5507
5507
5507
5507
5507
5507
5507
5507
5507
5507
5507
5507
5507
5507
5507
5507
5507
120645
121624
121759
121759
122368
122368
123925
128442
128442
129132
129314
133412
135283
135832
135833
136370
136370
138278
139420
148305
148305
148305
148305
148305
148818
150206
150224
150374
152316
152502
152502
155416
156630
156630
156630
156630
156630
157183
162425
162425
166050
167371
27350
27350
27350
27350
27350
169388
169388
169388
169489
170446
174643
174643
174685
174685
174685
176275
176275
176275
176275
176275
176275
176275
176275
176275
176275
176275
176275
176275
176275
178747
5207
5207
5207
5207
5207
5207
5207
5207
5207
5207
5207
5207
5207
5207
5207
5207
5207
5207
5207
5207
5207
5207
5207
5207
5207
5207
5207
5207
5207
5207
5207
5207
5207
5207
5207
5207
5207
5207
5207
5207
5207
5207
5207
5207
5207
5207
5207
5207
5207
5207
5207
5207
5207
5207
5207
5207
5207
5207
5507
5507
179993
179993
179993
180088
180088
180088
180528
181123
181123
181343
181343
181343
181343
181343
181343
182092
182092
182096
182845
182845
182845
182845
182845
182845
182845
182845
182845
182845
182845
182845
182845
182845
182845
182845
182845
182845
182845
182845
182845
182845
182845
182845
182845
182845
182845
182845
183478
183478
185366
187221
192010
5341
5341
5341
196064
196064
196064
196064
196064
196064
196064
196064
196064
197054
197672
197674
199306
199306
27344
205686
205686
205686
205686
205686
205686
205686
206542
208348
209559
209853
209853
212818
212818
215243
1351752
1351752
218633
218668
218668
221167
221167
221167
221167
221167
221167
221167
221167
223818
5507
5507
5507
5022
27291
114525
114524
27288
162425
229535
230603
230603
230603
230603
230603
230603
230603
230603
230603
230603
230603
230603
230603
230603
230603
230603
230603
230603
230603
230603
230603
230603
231218
231218
231269
231936
231936
231936
232081
232081
232081
232082
232082
232082
232082
232082
232082
232082
5207
5207
5476
5476
5507
5507
245174
245174
245174
245174
245174
245174
245174
245174
245174
245174
245174
245174
245174
245174
245174
245174
245174
245174
245174
245174
245174
245562
249398
252598
252598
252598
252598
252598
252598
252598
252740
252803
254876
254876
264483
264483
264483
264483
264483
264483
264483
264483
264951
264951
264951
264952
273371
273372
273372
273372
2822231
278938
278948
281068
281068
281068
281068
281087
282267
282267
282267
282268
282268
282268
282268
282269
282269
282269
282271
282271
282272
282272
282272
5207
284135
85982
4932
286115
286115
288795
288795
288795
288795
288795
288795
288795
288795
288795
288795
288795
288795
288795
288795
288795
288795
288795
288795
288795
288795
289078
289078
289078
290292
290576
293227
293227
293227
293227
293373
293373
293373
293373
293373
293373
293373
293373
293373
293373
293373
293373
293939
293939
293939
293939
293939
293939
293939
293939
293939
293939
293939
4929
5482
5476
298378
298378
301365
301367
301368
302913
303698
305400
306554
306554
306554
306554
307758
307758
4932
307937
105351
310453
310453
310910
310910
310910
310910
311239
312227
318829
318829
318829
318829
318829
318829
318829
318829
318829
318829
318829
318829
318829
318829
318829
318829
318829
318829
318829
318829
318829
318829
318829
318829
318829
318829
318829
318829
318829
318829
318829
318829
318829
318829
318829
318829
318829
318829
318829
318829
318829
318829
318829
318829
318829
318829
318829
318829
318829
318829
318829
318829
318829
318829
318829
318829
318829
318829
318829
318829
318829
318829
318829
318829
318829
318829
318829
318829
318829
318829
318829
318829
318829
318829
318829
318829
318829
318829
318829
318829
318829
318829
318829
318829
318829
318829
318829
318829
318829
318829
318829
318829
318829
318829
318829
318829
318829
318829
318829
318829
318829
318829
318829
318829
318829
318829
318829
318829
318829
318829
318829
318829
318829
318829
318829
318829
318829
318829
318829
318829
318829
318829
318829
318829
318829
318829
318829
318829
318829
318829
318829
318829
318829
318829
318829
318829
318829
318829
318829
318829
318829
318829
318829
318829
318829
318829
318829
318829
318829
318829
318829
318829
318829
318829
318829
318829
318829
318829
318829
318829
318829
318829
318829
318829
318829
318829
318829
318829
318829
318829
318829
318829
318829
318829
318829
318829
318829
318829
318829
318829
318829
318829
318829
318829
318829
318829
318829
318829
318829
318829
318829
318829
318829
318829
318829
318829
318829
318829
318829
318829
318829
318829
318829
318829
318829
318829
318829
318829
318829
318829
318829
318829
318829
318829
318829
318829
318829
318829
318829
318829
318829
318829
318829
318829
318829
318829
318829
318829
318829
318829
318829
318829
318829
318829
318829
318829
318829
318829
318829
318829
318829
318829
318829
318829
318829
318829
318829
318829
318829
318829
318829
318829
318829
318829
318829
318829
318829
318829
318829
318829
318829
318829
318829
318829
318829
318829
318829
318829
318829
318829
318829
318829
318829
318829
318829
318829
318829
318829
318829
318829
318829
318829
318829
318829
318829
318829
318829
318829
318829
318829
318829
318829
318829
318829
318829
318829
318829
318829
318829
318829
318829
318829
318829
318829
318829
13684
4924
324739
326628
327079
5507
5507
5507
56407
332112
332112
332112
332112
332112
332112
5059
338567
338567
338567
338567
338567
338567
338567
338567
338567
338567
338567
338567
340414
340414
340414
85982
85982
344589
344589
344589
348802
353897
353899
354353
357446
357446
357446
357446
357446
357446
357447
360150
363582
363999
364733
364733
5141
370302
378275
36914
5061
381046
381046
390697
5105
5507
5507
5507
5507
5501
398673
109871
5501
415593
415593
415593
416442
418126
418781
418781
418784
420778
420778
420778
76775
76775
5507
5507
5507
5507
431197
431200
51453
438356
438356
438356
199306
5039
5507
5507
746128
199306
5501
456999
456999
456999
456999
456999
456999
456999
456999
456999
456999
456999
456999
456999
456999
456999
456999
456999
456999
456999
456999
460514
460519
460519
460523
460523
460523
460523
460523
460523
460523
460523
460523
460523
460523
460523
460523
460523
4932
4932
462795
462795
463681
463681
4932
4932
467805
4932
4932
469304
199306
199306
199306
4932
4932
4932
473035
473037
474922
474922
474922
474922
474922
474922
474922
474922
474922
474922
475927
479095
121759
483707
483707
5507
487661
199306
199306
199306
199306
493452
498019
498019
498019
498019
498019
498019
498019
498019
498019
498019
498019
498019
498019
498019
498019
498019
498019
498019
498019
498019
498019
498019
498019
498019
498019
498019
498019
498019
498019
498019
498019
498019
498019
498019
498019
498019
498019
498019
498019
498019
498019
498019
498019
498019
498019
498019
498019
498019
498019
498019
498019
498019
498019
498019
498019
498019
498019
498019
498019
498019
498019
498019
498019
498019
498019
498019
498019
498019
498019
498019
498019
498019
498019
498019
498019
498019
498019
498019
498019
498019
498019
498019
498019
498019
498019
498019
498019
498019
498019
498019
498019
498019
498019
498019
498019
498019
498019
498019
498019
498019
498019
498019
498019
498019
498019
498019
498019
498019
498019
498019
27337
500148
4932
4932
5062
40127
27292
27292
27292
27292
523103
523103
523103
523103
530044
538528
4932
4932
5037
5037
4932
545651
545651
545651
545651
545651
545651
545651
545651
2867405
4920
104341
563466
565426
568076
569361
569362
569365
573508
573508
573508
4932
40302
4932
4932
4932
588596
588596
588596
588596
588596
588596
588596
588596
588596
588596
588596
588596
588596
588596
588596
588596
588596
588596
588596
588596
588596
588596
588596
5341
599851
340170
29001
208348
637633
4922
643000
643001
4932
460519
644589
646526
5039
5507
5507
226899
656916
1176355
658196
655981
658473
4932
230603
230603
5507
5507
5507
63400
5180
4918
93612
64363
29829
679435
288795
288795
688394
690256
690256
690256
690256
690256
690256
690256
690256
690256
690259
690259
690259
690259
690259
690259
690259
690259
690259
690259
690259
690259
690259
690259
690259
690259
690259
690259
690259
690873
690873
694270
694270
694270
105487
35717
698440
5606
5016
703756
708197
708197
708197
708197
710243
710243
710243
710243
710243
710243
710243
710243
710243
710243
710243
710243
710243
716892
716892
717740
717740
4932
723287
1173715
746128
746128
746128
746128
746128
746128
746128
746128
746128
746128
746128
746128
746128
746128
746128
746128
746128
746128
746128
746128
746128
746128
746128
746128
746128
746128
746128
746128
746128
746128
746128
746128
746128
746128
746128
746128
746128
746128
746128
746128
746128
746128
746128
746128
746128
746128
746128
746128
746128
746128
746128
746128
746128
746128
746128
746128
746128
746128
746128
746128
746128
746128
746128
746128
746128
746128
746128
746128
746128
746128
746128
746128
746128
746128
746128
746128
746128
746128
746128
746128
746128
746128
746128
746128
746128
746128
746128
746128
746128
746128
746128
746128
746128
746128
746128
746128
746128
746128
746128
746128
746128
746128
746128
746128
746128
746128
746128
746128
746128
746128
746128
746128
746128
746128
746128
746128
746128
746128
746128
746128
746128
746128
746128
746128
746128
746128
746128
746128
746128
746128
746128
746128
746128
746128
746128
746128
746128
746128
746128
746128
746128
746128
746128
746128
746128
746128
746128
746128
746128
746128
746128
746128
746128
746128
746128
746128
746128
746128
746128
746128
746128
746128
746128
746128
746128
746128
746128
746128
746128
746128
746128
746128
746128
746128
746128
746128
746128
746128
746128
746128
746128
746128
746128
746128
746128
746128
746128
746128
746128
746128
746128
746128
746128
746128
746128
746128
746128
746128
746128
746128
746128
746128
746128
746128
746128
746128
746128
746128
746128
746128
746128
746128
746128
746128
746128
746128
746128
746128
746128
746128
746128
746128
746128
746128
746128
746128
746128
746128
746128
746128
746128
746128
746128
746128
746128
746128
746128
746128
746128
746128
746128
746128
746128
746128
746128
746128
746128
746128
746128
746128
746128
746128
746128
746128
746128
746128
746128
746128
746128
746128
746128
746128
746128
746128
746128
746128
746128
746128
746128
746128
746836
746836
588596
5007
29924
749589
749589
749589
749589
749593
749627
4932
4932
4932
4932
4932
4932
34349
245562
767483
767483
767483
5068
796604
798071
33165
69781
53485
53485
870730
870730
870730
870730
870730
870730
870730
870730
870730
27350
40601
35717
879819
879819
879823
879823
4927
746128
4932
218633
72228
912112
41058
929235
929235
4932
4932
4932
4932
930093
69781
69781
935214
586133
936053
936053
936053
936053
936053
936053
936053
936053
936053
936053
936053
936053
936053
936053
936053
85982
937743
5315
1155007
946125
946125
5039
4932
4932
4932
4932
4932
4932
4932
4932
4932
4932
4932
4932
4932
4932
948311
948311
948311
948311
948311
948311
948311
948311
948311
948311
948311
948311
948311
948311
948311
948311
948311
948311
948311
948311
948311
979670
979670
979688
979697
979702
979765
979981
980116
460519
460519
456999
456999
1047171
1047171
5548
984092
984957
984957
984962
984962
984962
984962
984962
984962
984962
984962
984962
984962
984962
984962
45786
1047171
1173715
1173715
1173715
1173716
1173716
1173716
6035
281847
6035
6035
992199
232082
994334
72558
40559
40559
5286
1005962
1005962
1005962
27337
27337
1028407
1069201
33169
746128
5158
1041607
1042133
1047168
1047171
1047171
1047171
1047171
1047171
1047171
1047171
1047171
1047171
1047171
1047171
1047171
1047171
5113
1051613
1051616
1051616
1051616
1051616
1051616
1051616
280754
1053252
1069201
1069201
1069201
1069201
1069201
1069201
1069201
1069201
1069201
1069201
27292
27292
27292
5315
37727
37727
5507
5507
1080349
1080349
1080349
1080349
1080349
1081669
456999
456999
29910
4932
5507
5507
5507
5507
5507
5507
1094350
5476
5476
5476
5476
5476
5476
5476
5476
5476
5476
5476
5476
5476
5476
5476
5476
5476
5476
5476
5476
4932
332112
5011
101852
456999
456999
456999
456999
1108849
1108849
1108849
1108849
65672
4959
156630
105696
5007
35725
5315
4903
1131913
273371
1136883
5322
1069201
318829
318829
438356
4932
5062
1147111
292717
4932
1150643
92950
84753
91943
91943
1159556
1159556
1159556
5062
4911
4932
4932
4932
4932
5062
114524
114524
114524
114524
114524
114524
114524
114524
114524
114524
114524
114524
114524
114524
114524
114524
5476
114524
114524
114524
27350
5286
5062
292717
36651
1173061
1173061
1173061
1173061
1173061
1173061
1173061
1173061
1173061
1173061
1173061
1173701
1173701
1173715
1173716
1174673
1174676
1174676
1174677
1176355
4932
5476
5476
5476
5476
5476
5476
5476
5476
5476
5476
5476
4932
4932
4932
1187904
1194566
1436886
5062
1199091
1199091
4932
27337
1202976
1202976
27334
1208917
1209932
1209932
1209932
13684
5580
4909
273371
690256
27292
1214573
5551
5551
5551
69891
5551
5551
5551
101480
5551
101480
5551
5551
5127
36659
5076
82508
1220188
1220188
4932
36080
55200
5037
5113
4932
5507
5507
209285
5207
5207
5207
5207
5207
5207
5207
5207
5207
5207
5207
5207
5207
5207
5207
5207
5207
5207
5207
5207
5207
5207
5207
5207
5207
5207
54899
76777
1231522
45357
45357
100951
474922
27350
36651
723287
1243767
176275
1245748
29833
1247836
1247836
1247836
1247836
73230
36651
27350
27350
27350
27350
42458
5503
148305
13563
83678
88718
1266744
148305
34373
58291
318829
318829
64495
36080
13706
688394
5530
1276217
1047171
1047171
1047171
1047171
418086
64495
64495
64495
64495
64495
936053
64495
936053
936053
42458
74722
74722
2867405
2867405
2867405
74722
1284706
1284706
1284706
310453
1287682
456999
40559
203904
5530
5530
55181
4932
4932
4932
4932
4932
4932
4932
4932
4932
4932
4932
4932
4932
4932
4932
4932
4932
4932
4932
4932
4932
4932
4932
4932
4932
4932
4932
4932
4932
4932
4932
4932
4932
4932
4932
4932
4932
4932
4932
4932
4932
4932
4932
4932
4932
4932
4932
4932
4932
4932
4932
4932
4932
4932
4932
4932
4932
4932
4932
4932
4932
4932
4932
4932
4932
4932
4932
4932
4932
4932
4932
4932
4932
4932
4932
4932
4932
4932
4932
4932
4932
4932
4932
4932
4932
4932
4932
4932
1294629
5208
1859096
37769
37769
1859096
1859096
1859096
37769
552467
1859096
37769
1859096
104669
89924
463800
4932
5076
38945
60197
42368
34373
34373
34373
36911
474922
310910
456999
5061
5353
1323754
1325616
5476
1325723
5365
4932
463800
29875
29875
285811
4932
4954
1859096
5353
1337056
4932
1341132
1341132
1341132
252598
1343610
1343610
51453
318829
4932
4932
5061
5418
6035
4954
264951
58291
90251
423460
688394
64518
91625
58291
713888
1357716
1357716
1357716
1357716
1357716
1357716
1357716
1357716
51541
5082
1365815
111012
1378263
221103
1859096
4931
181123
29908
5059
5194
5207
1399860
1399860
5507
5507
1402413
5067
5067
79588
318829
318829
42805
5478
27334
655981
79858
2282107
318829
456999
51656
27292
27292
27292
5075
1431717
588596
588596
588596
588596
588596
588596
588596
1433469
4932
208348
208348
208348
208348
208348
208348
208348
208348
208348
208348
208348
208348
208348
208348
208348
5007
1436886
746128
4952
158046
60175
318829
318829
91625
4952
710243
59586
1450171
5061
5012
5011
59586
456999
41956
36659
306554
1461763
1470621
1472165
746128
1506151
1506548
1506549
1555241
1567482
698440
698440
1571107
1571108
1573173
1578925
1582974
1608523
1623583
1623583
1634537
1634538
1635098
1649241
1658174
1658174
1658174
1658174
1658174
1658174
1658174
1658174
1658174
1658174
1658174
1658174
1658174
1659845
1670608
1684324
1684324
1684324
1684324
1684324
1684324
1684324
1684324
1684324
1684324
1684324
1684324
1684324
1684324
1684324
1684324
1684324
1684324
1684324
1684324
1684324
1684324
1684324
1684324
1684324
1684324
1684324
1684324
1684324
1684324
1684324
1684324
1684324
1684324
1684324
1684324
1697385
1697385
1699426
1699426
1708541
1708541
1708541
1708541
1708541
1708541
1708541
1708541
1708541
1708541
1708541
1708541
1708541
1708541
1708541
1708541
1708541
1708541
1708541
1708541
1708541
1708541
1708541
1708541
1708541
1709381
1709381
1709936
1709936
1715230
1715230
1715230
1715230
1715230
1715230
1715230
1715230
1715230
1803897
1807681
1807681
1810908
1851006
1851006
1851006
1851006
1851181
1851181
1851181
1851181
1859096
1859096
1859699
1868870
1868870
1868870
1868870
1868927
1873960
1882269
1882269
1882269
1882269
1890683
1890683
1890683
1890683
1890683
1890683
1890683
1890683
1890683
1890683
1890683
1890683
1890683
1890683
1890683
1890683
1890683
1890683
1890683
1890683
1890683
1890683
1890683
1890683
1890683
1890683
1890683
1890683
1890683
1890683
1890683
1890683
1890683
1890683
1890683
1890683
1890683
1890683
1890683
1890683
1890683
1890683
1890683
1890683
1890683
1890683
1890683
1890683
1890683
1890683
1890683
1890683
1890683
1890683
1890683
1890683
1911678
1911678
1911678
1911678
1911678
1911678
1911678
1911678
1911678
1911678
1911678
1911678
1911678
1911678
1911678
1911678
1911678
1911678
1911678
1914213
1937702
1937702
1937702
1937702
1937702
1937702
1937702
1937702
1937702
1937702
1937702
1937702
1937702
1937702
1937702
1937702
1937702
1937702
1937702
1937702
1937702
5507
1940568
1955053
1955053
1964301
1964301
1972497
5507
5507
5507
5507
2036908
2036908
2050978
109899
2093782
2093782
2107715
2107715
2107715
2107715
2163413
2211668
5507
5507
5507
5507
5507
2282107
2282107
2282107
2282107
2282107
2304649
2304649
2304649
2304649
2304649
2304649
2304649
2304649
2304649
2304650
2304650
2304650
2304650
2304650
2304650
2304650
2304650
2304650
2304650
2304650
2304650
2304651
2304651
2304651
2304651
2304651
2304651
2304651
2304651
2304651
2304651
2304651
2304651
2304651
2304651
2304651
2304651
2304651
2304651
2304651
2304651
2304651
2304651
2304651
2304651
2304651
2304651
2304651
2304651
2304651
2304651
2487000
2494464
2502994
2502998
2528333
2528333
5113
2576851
2587410
2587412
2587412
2587412
2591691
2600232
2600232
2654375
2654375
2670776
2675880
2675880
2687229
2687229
2696576
2698477
2698477
2714763
2714763
5507
5507
2720561
2720561
2723674
2723674
2723674
2723674
2723674
2723674
2723674
2725329
2754530
2778372
2778372
2778372
2778372
2778372
2778372
2778372
2778372
2778372
2778373
2778373
2778374
2778375
2778375
2778375
2813651
2813651
2813651
2813651
2813651
2813651
2813651
2813651
2813651
2813651
2813651
2813651
2813651
2813651
2813651
2813651
2813651
2813651
2813651
2839758
2867405
2895620
2902605
