6082
6087
6148
6182
6182
6186
6192
6192
6192
6198
6204
6204
6210
6216
6216
6238
6239
6239
6239
6239
6239
6239
6239
6239
6239
6239
6239
6239
6239
6239
6239
6239
6239
6239
6239
6239
6239
6239
6239
6239
6239
6253
6253
6253
6257
6265
6265
6269
6280
6280
6287
6287
6289
6289
6293
6293
6293
6303
6304
6304
6304
6306
6306
6306
6313
6326
6326
6326
6326
6326
6334
6334
6334
6334
6334
6335
6337
6337
6337
6337
6337
6339
6396
6421
6455
6526
6526
6526
6549
6550
6579
6579
6596
6645
6669
6669
6669
6687
6687
6687
6689
6848
6853
6853
6853
6941
6941
6941
6945
6945
6954
6954
6956
6973
7029
7038
7038
7038
7038
7038
7038
7038
7038
7084
7091
7091
7091
7107
7107
7108
7108
7108
7108
7108
7108
7108
7111
7111
7111
7116
7130
7137
7137
7159
7159
7159
7159
7160
7160
7160
7160
7160
7165
7165
7165
7167
7167
7167
7173
7176
7176
7209
7213
7217
7217
7217
7220
7220
7222
7224
7225
7226
7227
7227
7227
7227
7227
7227
7227
7227
7227
7227
7227
7227
7227
7227
7227
7227
7227
7227
7227
7227
7227
7227
7227
7227
7227
7227
7227
7227
7227
7227
7227
7227
7227
7227
7227
7227
7227
7227
7227
7227
7227
7227
7227
7227
7227
7227
7227
7227
7227
7227
7227
7227
7227
7227
7227
7227
7227
7227
7227
7227
7227
7227
7229
7229
7230
7234
7234
7234
7237
7237
7237
7238
7238
7240
7240
7240
7240
7240
7240
7240
7240
7240
7240
7240
7240
7240
7240
7240
7240
7241
7241
7241
7241
7243
7243
7244
7244
7244
7244
7245
7245
7245
7248
7248
7250
7250
7252
7257
7260
7260
7260
7274
7274
7282
7291
7291
7291
7291
7370
7370
7375
7375
7380
7385
7394
7425
7426
7445
7446
7454
7454
7460
7461
7461
7462
7460
7604
7609
7654
7654
7719
7719
7719
7719
7740
7741
7741
10195
10195
13037
13262
13262
13347
13632
13686
13686
13686
13686
13686
13686
27405
27457
27835
28584
28584
28584
29029
29030
29030
29058
29158
29158
29159
29159
29159
30019
30019
30023
30023
30025
30033
30033
30066
30069
30069
30069
30069
30069
30069
30195
30195
30212
30212
31234
31234
31234
31234
31243
33418
33418
33418
33419
33419
33419
33419
33419
33419
33419
33419
33419
33419
33419
33423
33425
33425
33425
33425
33428
33441
33442
33442
33442
33443
33444
33444
33444
33444
33444
33444
33448
33455
33457
34504
34677
34677
34682
34765
35523
35523
35525
35525
35525
35525
36090
36667
37344
37344
37627
38123
39708
39708
39708
39708
39708
39708
39708
39708
39708
39708
39708
39708
39708
39708
39708
39708
39708
39708
39708
39708
39758
40079
40079
40079
40079
40079
40079
40366
40366
40366
40366
40366
40932
41101
41139
41139
41427
41427
42026
42026
42026
42062
42062
42062
42062
42062
42062
42062
42156
42157
42157
42192
42275
44386
7460
45264
45450
45450
46012
46012
7237
7237
7237
46514
46793
46829
46835
46835
47314
47314
47315
47315
47315
47315
48498
48799
51029
51029
51650
51655
51655
51655
51655
51655
51655
52066
52283
52283
53326
54126
54126
54126
54126
54126
54126
54126
55057
55974
57062
58824
59747
59747
59818
59916
60517
60591
61476
61476
61476
62324
63433
63433
63433
63436
63436
63436
63436
64459
64459
65598
65964
66420
67533
67534
67534
67534
67534
67534
67534
67534
67534
68888
68888
69004
70667
70779
72019
72036
72036
72036
72036
72248
72248
72550
74549
74869
74873
75169
76193
76193
76198
76199
76206
76712
76712
76712
76712
76990
77166
77166
77166
78633
78633
78633
78633
78897
79327
79327
79327
79782
79923
80765
80765
82595
85444
85660
88005
7460
88514
88531
88556
88925
91739
7461
7461
94323
94630
95170
95593
95602
96890
97005
98310
99802
101932
101932
101932
101932
101932
101932
101932
103765
104421
104447
104460
104474
104476
104688
104690
104690
104777
104782
104782
104782
104782
104782
108931
108931
109461
110799
111875
111875
111881
111903
111917
111923
113103
113330
113334
113334
115100
115357
115357
115357
115357
115357
115357
115357
116121
116126
116130
116150
116150
116150
119604
125945
125945
125945
129397
133434
133434
133434
133979
137355
138070
139456
139649
139649
141969
143722
143948
144512
151541
152616
158441
158441
31199
158624
165848
165848
165848
165848
165848
165858
168631
171585
171594
171605
33424
33424
33424
33424
34740
34740
34740
34740
34740
34740
34740
34740
34740
34740
34740
34740
34740
34740
34740
34740
34740
34740
174720
177089
179676
189258
189291
189513
189913
189913
189913
189979
190356
191398
191418
191418
191418
194544
195172
195883
195883
197043
197043
197161
198635
7460
7396
201766
202808
203781
203782
210409
210409
213898
214171
214277
216125
216192
217165
217165
217165
217443
218760
219539
219812
226149
226151
227532
232323
232323
242267
244254
34740
34740
34740
34740
34740
34740
34740
34740
34740
34740
34740
34740
34740
34740
34740
34740
34740
34740
34740
34740
34740
34740
34740
249248
249248
249248
33424
33424
253715
254363
257759
263140
33424
33424
268709
269814
270466
270529
272628
273409
13037
282301
282391
287375
289389
289389
289389
289389
291688
7461
295700
65964
30036
298350
301037
307491
307658
307658
307658
307972
310794
33419
33419
313498
315576
320037
323313
33424
33424
33424
33424
33424
329032
329032
304554
331299
334625
335469
343691
343691
7460
346838
351238
354439
354439
355053
362091
374264
387005
390850
390850
392029
392030
392030
392030
392030
392030
392030
392030
392030
392030
392030
392030
392030
392032
392032
392032
392032
392032
392032
392032
392032
392032
392033
392033
392033
392033
392033
392033
392033
400682
400727
405009
411963
414846
414876
429045
431949
431949
431949
433720
433720
433720
433720
433720
433720
433720
33418
441921
441929
442651
444401
447833
454923
460130
460130
465554
467774
486152
499227
500656
509358
520884
522836
522848
34740
34740
561572
569046
101932
101932
101932
101932
101932
101932
101932
101932
101932
101932
101932
576317
596942
601510
610380
631328
644661
653684
662956
667381
688445
689058
13123
691633
717267
717267
717267
717267
717267
717267
717267
717267
721137
721163
722662
722673
748215
753189
753202
753204
753216
758706
758717
767470
13123
13123
874455
875880
875881
875883
875884
875885
876063
876077
881891
33419
33419
33441
33441
33441
33441
929971
931557
934813
934829
934839
934888
934894
934917
938171
938226
938238
987419
987424
987431
987449
987859
987866
987872
987877
987893
987902
987933
987935
987943
987953
987985
987995
988002
988018
988019
988025
988049
988049
988049
988071
988106
988125
988174
997540
997551
1041015
33419
1086592
1086592
1100916
1100963
1101027
1101063
1101072
1101095
1101106
33425
33427
33441
101932
101932
101932
101932
33424
33424
1124515
1124558
1126389
1167272
1190790
1199090
33424
34740
34740
1218281
1218281
1219204
1226616
1232801
1234261
1234261
1234261
1271730
165848
165848
165848
165848
165848
165848
165848
165848
1371681
1437190
1437190
1469290
1486046
165848
165848
165848
165848
165848
1500677
1500677
33424
34740
34740
1511221
1518534
1518534
1518534
1518534
1518534
1518534
1518534
1518534
1518534
1527559
1561998
1572519
1573569
1594226
1594250
1594315
1594321
1594354
1594453
1607945
1607945
1607945
33455
33455
33441
33441
33441
34740
34740
1611254
1620919
1629725
1653868
1653868
1653868
1653868
1653868
1653868
1653868
1653868
1653868
1653868
1653868
1653868
1653868
1653868
1653868
1653868
1653868
1653868
1653868
1653868
1653868
1653868
1653868
1653868
1653868
1660579
1660703
1667466
33444
33444
34740
1765738
1789172
1857775
1857958
1869501
1869985
1870435
1882922
1891344
1908717
1918310
1977532
1978554
1979941
1158302
1158302
1158302
2014036
2015173
2056227
2065263
2065413
2138241
2201569
2201725
2201725
2233769
2301259
2492375
2495015
2495085
2495127
2507155
2507155
2507155
2507155
2507155
2507155
2507155
2507155
2507155
2507155
2507155
2507155
2507155
2507155
2507155
2507155
2507155
2507155
2507155
2507155
2507155
2507155
2507155
2561016
33453
2585209
2585860
2201704
2585879
2585879
2585879
2585879
2585881
2585902
2585902
2585907
2585920
2585923
2201600
2585939
2585942
2585947
2585947
2585947
2585947
2585955
2585955
2585955
2585987
2585993
2585998
2586002
2589376
717265
2614007
2614010
2663927
165848
165848
165848
165848
2691557
2691557
2691557
2691557
2691557
2691557
2691557
2691557
2691557
2691557
2691557
2691557
2691557
2691557
2691557
2691557
2691557
2691557
2691557
2691557
1158302
1158302
2691560
2691560
2691560
2691560
2691560
2691560
2691560
2691560
2691560
2691560
2691560
2691560
2691560
2691560
2691560
2691560
2691560
165848
165848
165848
165848
165848
165848
165848
165848
165848
165848
2691557
2691557
2691557
2691557
2691557
2691557
2691557
2691557
2691557
2691557
2691557
2691557
2691557
2691557
2691557
2691557
2691557
2691557
2691557
2691557
2691983
2691983
2691983
2691983
2691983
2691983
2691983
2691983
2691984
2691984
2691984
2691984
2691984
2691984
2691984
2691984
2691984
2691984
2691984
2691984
2691984
2691984
2691984
2691984
2691984
2691984
2691984
2700039
2700040
2762511
2762511
2762511
2762511
2762511
2762511
2762511
2762511
2762511
2762512
2762512
2762512
2762512
2762512
2762512
2762512
2771288
2795564
2795567
2795671
2795680
2795540
