2951
2951
4781
4781
4781
4781
4784
4784
4784
4784
4784
4784
4784
4784
4784
4785
4785
4785
4785
4787
4787
4787
4787
4790
4790
4790
4792
4792
4792
4792
4796
4803
5659
5659
5660
5661
5661
5661
5661
5661
5661
5661
5661
5663
5664
5665
5666
5666
5666
5671
5671
5671
5671
5681
5689
5691
5693
5693
5693
5693
5693
5693
5693
5693
5693
5693
5693
5693
5693
5693
5693
5693
5693
5693
5693
5693
5693
5693
5693
5693
5693
5693
5693
5693
5693
5699
5691
5705
5722
5741
5741
5741
5741
5741
5741
5741
5741
5741
5741
5741
5741
5741
5741
5755
5755
5755
5755
5755
5757
5759
5759
5763
5763
5763
5763
5786
5802
5807
5807
5807
5807
5807
5807
5807
5807
5807
5807
5807
5807
5807
5807
5807
5807
5807
5807
5807
5811
5811
5811
5811
5811
5811
5811
5811
5811
5811
5821
5821
5821
5821
5821
5825
5825
5827
5833
5833
5833
5833
5833
5833
5833
5833
5833
5833
5833
5833
5833
5833
5833
5833
5833
5833
5833
5833
5833
5833
5833
5833
5833
5833
5833
5833
5850
5850
5850
5850
5854
5854
5855
5855
5855
5855
5855
5855
5855
5855
5855
5855
5855
5855
5858
5858
5860
5861
5861
5861
5861
5861
5861
5865
5865
5866
5866
5866
5868
5868
5868
5868
5868
5868
5872
5875
5875
5875
5911
12968
28005
29176
29176
29176
29196
29196
29920
29920
29920
29920
29920
29920
29920
29920
29920
29920
29920
29920
29920
29920
29920
29920
29920
29920
29920
29920
5825
5825
5861
32595
32597
32597
32597
32597
33653
33653
33653
5833
36330
36330
37360
37360
37360
37360
37360
37360
37360
37360
37360
37360
37360
37360
37360
37360
37360
37360
37360
37360
37360
37360
37360
37360
37360
37360
37360
37360
37360
37360
37360
37360
37360
37360
37360
37360
37360
37360
37360
37360
37360
37360
37360
37360
37360
37360
37360
37360
37360
37360
41045
41045
41045
42384
42890
44056
44056
44056
44271
44271
44271
53985
53985
53985
53985
53985
53985
53985
53985
53985
53985
53985
53985
53986
53986
5860
5860
5833
5833
5833
59799
59799
59799
65357
65357
65357
65357
65357
65357
65357
66527
67593
67595
68886
68886
68886
72520
72520
72520
5861
74381
74790
74790
74790
74790
74790
74790
74790
5693
5693
88149
88456
88456
88456
88456
88456
88456
88456
88456
88456
88456
88456
88456
88456
88456
88456
88456
88456
88456
88456
88456
88456
88456
88456
88456
88456
88456
88456
88456
88456
88456
88456
88456
88456
88456
88456
88456
88456
88456
88456
89957
93969
93969
99158
100861
100861
100861
100861
100861
100861
108607
109152
112090
112090
112090
112090
112090
112090
112090
112090
112090
112090
112090
112090
112090
114742
114742
114742
114742
114742
114742
114742
114742
114742
114742
114742
117008
117008
5860
5860
120398
120398
129350
129350
129355
129355
129364
129364
129364
129364
135588
5833
5860
5860
5860
5860
143451
143451
145522
145522
145522
157072
3039
159749
162125
162130
162140
164328
164328
164328
164328
164328
164328
164328
164328
164328
164328
164328
164328
164328
164328
164328
164328
164328
164328
164328
164328
164328
164328
164328
164328
164328
164328
164328
208452
221518
237895
237895
237895
237895
237895
237895
237895
237895
237895
237895
237895
237895
237895
67595
272952
272952
5861
5861
288676
288676
5759
310047
5911
325452
325452
325452
325452
325452
325452
325452
325452
5664
5693
5811
5660
5698
5811
5833
5833
5833
5833
5833
5833
505693
5811
542832
542832
542832
542832
542832
542832
5833
5833
596104
5741
4796
4785
622444
5691
186039
647221
5741
5691
720590
5949
4784
796356
857276
857276
857276
857276
5664
5664
36330
36330
36330
867726
5759
5759
5759
5759
5759
5759
5759
5759
907947
65357
5693
5811
5811
5741
5811
5811
5811
5811
5811
5811
944170
145522
145522
2511165
2511165
5855
5855
5855
5833
5833
5833
5833
5833
5699
5692
5692
5811
5811
5855
1117027
1117027
1117030
5811
5811
1144522
5875
1172189
1172189
5811
5667
5666
5693
5661
36331
2052682
907947
5833
5661
5833
5833
5833
5833
5833
5833
5833
5833
5833
5833
5833
5833
129355
129355
5684
325452
325452
325452
5679
5660
4792
4792
4792
4792
5861
1330343
145522
5741
5693
1620387
1620387
1635159
1642459
1690101
1928728
2029559
2029559
2029559
2029559
2081491
2082584
2082584
2082584
2082584
2315210
2761500
