2711
2711
2711
2711
2711
2711
2711
2711
2711
2711
2711
3055
3055
3074
3075
3075
3076
3076
3076
3076
3076
3077
3077
3077
3088
3088
3111
3225
3330
3435
3435
3469
3483
3483
3483
3483
3483
3483
3483
3483
3483
3483
3483
3494
3498
161934
161934
161934
161934
161934
161934
161934
161934
3562
3562
3562
3617
3625
3634
3634
3634
3634
3635
3635
3635
3635
3635
3635
3641
3649
3654
3654
3656
3656
3656
3656
3659
3659
3659
3659
3659
3659
3659
3659
3659
3659
3659
3659
3659
3668
3668
3670
3670
3673
3673
3696
3696
3702
3702
3702
3702
3702
3702
3702
3702
3702
3702
3702
3702
3702
3702
3702
3702
3702
3702
3702
3702
3702
3702
3702
3702
3702
3702
3702
3702
3702
3702
3702
3702
3707
3707
3707
3708
3708
3708
3710
3711
3711
3711
3712
3712
3712
3712
3726
3726
3726
3726
3726
3726
3726
3726
3726
3735
3735
3747
3747
3750
3750
3750
3750
3750
3750
3750
3750
3750
3750
3752
3755
3755
3760
3760
3760
3760
3760
3760
3760
3818
3818
3818
3818
3818
3821
3821
3827
3827
3827
3827
3847
3847
3847
3847
3847
3847
3847
3847
3847
3847
3847
3847
3847
3847
3847
3847
3848
3848
3848
3870
3871
3871
3880
3880
3880
3880
3880
3884
3885
3885
3885
3885
3888
3888
3900
3908
3914
3915
157791
3917
3981
3981
3981
3981
3983
3983
3983
3983
3983
3983
3988
3993
3999
3999
4006
4006
4006
4072
4072
4072
4072
4072
4076
4076
4081
4081
4081
4081
4081
4084
4084
4084
4097
4097
4097
4109
4113
4113
4113
4113
4113
4113
4113
4113
4113
4113
4113
4113
4113
4120
4182
4182
4182
4236
4236
4236
4432
4432
4432
4432
4442
4442
4442
4460
4460
4509
4513
4513
4513
4513
4513
4513
4513
4513
4522
4528
4528
4529
4529
4529
4529
4529
4529
4529
4529
4529
4529
4529
4529
4529
4529
4529
4529
4529
4529
4529
4529
4529
4529
4529
4529
4529
4529
4529
4529
4529
4529
4529
4529
4529
4529
4529
4529
4529
4529
4529
4529
4529
4529
4529
4529
4529
4529
4529
4529
4529
4529
4529
4529
4529
4529
4529
4529
4529
4529
4529
4529
4530
4530
4530
4530
4530
4530
4530
4530
4530
4530
4530
4530
4536
4540
4543
4543
4543
4543
4543
4543
4550
4550
4555
4556
4558
4558
4558
4558
4558
4565
4565
4565
4565
4565
4565
4565
4565
4565
4565
4565
4565
4565
4565
4565
4565
4565
4565
4565
4565
4565
4565
4572
4577
4577
4577
4577
4577
4577
4577
4577
4577
4577
4577
4577
4577
4577
4577
4577
4577
4577
4577
4577
4577
4577
4577
4577
4577
4577
4577
4577
4577
4577
4577
4577
4577
4577
4577
4577
4577
4577
4577
4577
4577
4577
4577
4615
4615
4639
4639
4639
4733
13288
13288
13894
13894
15368
15368
15368
16719
22663
22663
22663
22663
23110
28526
28526
28930
29656
29656
29656
29656
29656
29729
29730
29730
29760
29760
29760
29760
29760
29760
29760
29780
29780
29780
29780
32201
32201
32201
32201
32201
32201
34254
34275
34277
34316
34316
34316
35608
35688
35688
35884
35884
35884
35974
35974
36596
36596
36596
36596
37682
38785
38785
38873
38942
39631
4530
4530
4530
4530
4530
4530
4530
4530
4530
4530
4530
4530
4530
4530
4530
4530
4530
4530
4530
4530
4530
4530
4530
4530
4530
4530
4530
4530
4530
4530
4530
4530
4530
40149
3726
41882
41882
42229
42229
42229
42229
42345
42345
42345
44586
44745
45157
45157
45157
45249
46969
46969
47281
47615
49451
49495
50273
50452
50452
51239
51239
51240
51240
3711
3711
51707
51953
51953
37657
55188
55363
55363
55363
55571
29710
29710
29710
29710
166594
56036
56036
56036
57577
57577
57577
59689
59689
60419
62330
62335
63459
63459
63459
81970
81970
63678
64939
65489
65489
65489
69181
69181
69181
70448
70448
70448
70448
70448
70448
71139
72658
72658
72664
72664
72917
4513
77588
80265
4113
4113
80754
81970
81970
81982
83906
83906
83906
85692
85692
85692
88123
88123
89197
90397
90397
90675
90898
91225
93759
94286
94328
99658
102211
102211
103480
106335
106626
107608
109975
109975
109975
109975
109975
109996
83307
4513
4513
4513
4513
4513
4513
4513
4513
4513
4513
4513
4513
4513
4513
4513
4513
4513
4513
4513
4513
4513
4513
4513
4513
4513
120290
120290
122812
126418
128810
130081
130081
130081
130081
130081
130081
130081
130081
130081
130081
130453
130453
130453
130454
138855
151069
151069
3914
3914
3914
3915
4146
4146
161112
161112
161756
161756
165200
4072
37682
175694
178133
180498
180498
180498
183675
4511
128810
128810
4081
204149
210225
210372
4641
3656
219896
225117
229202
4565
240450
241073
253017
257627
260499
4442
4442
4442
4442
271171
3486
4045
3726
315347
315347
315347
315347
315347
315347
315347
315347
315347
315347
315347
315347
315347
315347
315347
315347
315347
315347
3707
326968
109996
161934
3656
375941
4577
4577
4577
4577
4577
4577
4577
4577
4577
4577
4577
4577
4577
4577
4577
4577
4577
4577
4577
4577
4577
4577
4577
4577
4577
4577
4577
4577
4577
458696
3726
3726
3983
528323
528323
528323
4442
4442
575411
3435
593785
48386
48386
4505
326968
29760
980011
1010633
1010633
1028570
172797
172797
166594
34294
1111766
3656
3656
1240361
1262161
3483
82927
82927
82927
3197
3197
3197
3197
206008
161934
3625
1650286
3917
4530
4530
4530
4530
4530
1737510
1813533
3711
1954239
91201
3759
3759
2249226
4442
172797
