9258
9258
9258
9261
9261
9305
9305
9305
9305
9337
9365
9407
9407
9407
9413
9417
9417
9447
9447
9460
9483
9483
9483
9483
9483
9483
9483
9483
9483
9515
9541
9541
9541
9541
9541
9541
9541
9541
9544
9544
9544
9544
9544
9544
9544
9555
9593
9593
9597
9598
9598
9601
9606
9606
9606
9606
9606
9606
9606
9606
9606
9606
9606
9606
9606
9606
9606
9606
9606
9606
9606
9606
9606
9606
9606
9606
9606
9606
9606
9606
9606
9606
9606
9606
9606
9606
9606
9606
9606
9606
9606
9606
9606
9606
9606
9606
9606
9606
9606
9606
9606
9606
9606
9606
9606
9606
9606
9606
9606
9606
9606
9606
9606
9606
9606
9606
9606
9606
9606
9606
9606
9606
9606
9606
9606
9606
9606
9606
9606
9606
9606
9606
9606
9606
9606
9606
9606
9606
9606
9606
9606
9606
9606
9606
9606
9606
9606
9606
9606
9606
9606
9606
9606
9606
9606
9606
9606
9606
9606
9606
9606
9606
9606
9606
9606
9606
9606
9606
9606
9606
9606
9606
9606
9606
9606
9606
9606
9606
9606
9606
9606
9606
9606
9606
9606
9606
9606
9606
9606
9606
9606
9606
9606
9606
9606
9606
9606
9606
9606
9606
9606
9606
9606
9606
9606
9606
9606
9606
9606
9606
9606
9606
9606
9606
9606
9606
9606
9606
9606
9606
9606
9606
9606
9606
9606
9606
9606
9606
9606
9606
9606
9606
9606
9606
9606
9606
9606
9606
9606
9606
9606
9606
9606
9606
9606
9606
9606
9606
9606
9606
9606
9606
9606
9606
9606
9606
9606
9606
9606
9606
9606
9606
9606
9606
9606
9606
9606
9606
9606
9606
9606
9606
9606
9606
9606
9606
9606
9606
9606
9606
9606
9606
9606
9606
9606
9606
9606
9606
9606
9606
9606
9606
9606
9606
9606
9606
9606
9606
9606
9606
9606
9606
9606
9606
9606
9606
9606
9606
9606
9606
9606
9606
9606
9606
9606
9606
9606
9606
9606
9606
9606
9606
9606
9606
9606
9606
9606
9606
9606
9606
9606
9606
9606
9606
9606
9606
9606
9606
9606
9606
9606
9606
9606
9606
9606
9606
9606
9606
9606
9606
9606
9606
9606
9606
9606
9606
9606
9606
9606
9606
9606
9606
9606
9606
9606
9606
9606
9606
9606
9606
9606
9606
9606
9606
9606
9606
9606
9606
9606
9606
9606
9606
9606
9606
9606
9606
9606
9606
9606
9606
9606
9606
9606
9606
9606
9606
9606
9606
9606
9606
9606
9606
9606
9606
9606
9606
9606
9606
9606
9606
9606
9606
9606
9606
9606
9606
9606
9606
9606
9606
9606
9606
9606
9606
9606
9606
9606
9606
9606
9606
9606
9606
9606
9606
9606
9606
9606
9606
9606
9606
9606
9606
9606
9606
9606
9606
9606
9606
9606
9606
9606
9606
9606
9606
9606
9606
9606
9606
9606
9606
9606
9606
9606
9606
9606
9606
9606
9606
9606
9606
9606
9606
9606
9606
9606
9606
9606
9606
9606
9606
9606
9606
9606
9606
9606
9606
9606
9606
9606
9606
9606
9606
9606
9606
9606
9606
9606
9606
9606
9606
9606
9606
9606
9606
9606
9606
9606
9606
9606
9606
9606
9606
9606
9606
9606
9606
9606
9606
9606
9606
9606
9606
9606
9606
9606
9606
9606
9606
9606
9606
9606
9606
9606
9606
9606
9606
9606
9606
9606
9606
9606
9606
9606
9606
9606
9606
9606
9606
9606
9606
9606
9606
9606
9606
9606
9606
9606
9606
9606
9606
9606
9606
9606
9606
9606
9606
9606
9606
9606
9606
9606
9606
9606
9606
9606
9606
9606
9606
9606
9606
9606
9606
9606
9606
9606
9606
9606
9606
9606
9606
9606
9606
9606
9606
9606
9606
9606
9606
9606
9606
9606
9606
9606
9606
9606
9606
9606
9606
9606
9606
9606
9606
9606
9606
9606
9606
9606
9606
9606
9606
9606
9606
9606
9606
9606
9606
9606
9606
9606
9606
9606
9606
9606
9606
9606
9606
9606
9606
9606
9606
9606
9606
9606
9606
9606
9606
9606
9606
9606
9606
9606
9606
9606
9606
9606
9606
9606
9606
9606
9606
9606
9606
9606
9606
9606
9606
9606
9606
9606
9606
9606
9606
9606
9606
9606
9606
9606
9606
9606
9606
9606
9606
9606
9606
9606
9606
9606
9606
9606
9606
9606
9606
9606
9606
9606
9606
9606
9606
9606
9606
9606
9606
9606
9606
9606
9606
9606
9606
9606
9606
9606
9606
9606
9606
9606
9606
9606
9606
9606
9606
9606
9606
9606
9606
9606
9606
9606
9606
9606
9606
9606
9606
9606
9606
9606
9606
9606
9606
9606
9606
9606
9606
9606
9606
9606
9606
9606
9606
9606
9606
9606
9606
9606
9606
9606
9606
9606
9606
9606
9606
9606
9606
9606
9606
9606
9606
9606
9606
9606
9606
9606
9606
9606
9606
9606
9606
9606
9606
9606
9606
9606
9606
9606
9606
9606
9606
9606
9606
9606
9606
9606
9606
9606
9606
9606
9606
9606
9606
9606
9606
9606
9606
9606
9606
9606
9606
9606
9606
9606
9606
9606
9606
9606
9606
9606
9606
9606
9606
9606
9606
9606
9606
9606
9606
9606
9606
9606
9606
9606
9606
9606
9606
9606
9606
9606
9606
9606
9606
9606
9606
9606
9606
9606
9606
9606
9606
9606
9606
9606
9606
9606
9606
9606
9606
9606
9606
9606
9606
9606
9606
9606
9606
9606
9606
9606
9606
9606
9606
9606
9606
9606
9606
9606
9606
9606
9606
9606
9606
9606
9606
9606
9606
9606
9606
9606
9606
9606
9606
9606
9606
9606
9606
9606
9606
9606
9606
9606
9606
9606
9606
9606
9606
9606
9606
9606
9606
9606
9606
9606
9606
9606
9606
9606
9606
9606
9606
9606
9606
9606
9606
9606
9606
9606
9606
9606
9606
9606
9606
9606
9606
9606
9606
9606
9606
9606
9606
9606
9606
9606
9606
9606
9606
9606
9606
9606
9606
9606
9606
9606
9606
9606
9606
9606
9606
9606
9606
9606
9606
9606
9606
9606
9606
9606
9606
9606
9606
9606
9606
9606
9606
9606
9606
9606
9606
9606
9606
9606
9606
9606
9606
9606
9606
9606
9606
9606
9606
9606
9606
9606
9606
9606
9606
9612
9612
9612
9612
9612
9612
9612
9612
9612
9612
9612
9612
9612
9622
9622
9643
9646
9657
9662
9668
9668
9668
9668
9668
9668
9668
9668
9668
9668
9668
9668
9668
9668
9668
9668
9668
9668
9668
9668
9668
9668
9668
9668
9685
9685
9685
9685
9689
9689
9696
9704
9704
9704
9716
9739
9739
9739
9739
9739
9739
9742
9749
9749
9755
9755
9764
9764
9771
9793
9796
9796
9805
9809
9813
9818
9823
9823
9823
9823
9823
9823
9823
9823
9823
9823
9823
9823
9823
9823
9823
9823
9823
9823
9823
9823
9823
9833
9837
9838
9838
9852
9860
9870
9874
9872
9872
9883
9886
9886
9888
9888
9891
9891
9894
9913
9913
9913
9913
9913
9915
9923
9925
9925
9925
9925
9940
9940
9940
9940
9940
9940
9940
9940
9940
9940
9940
9940
9940
9940
9940
9940
9940
9940
9940
9940
9940
9940
9940
9940
9940
9940
9940
9940
9940
9940
9940
9940
9958
9970
9970
9974
9978
9978
9986
9995
9995
10029
10029
10029
10029
10036
10047
10047
10090
10090
10090
10090
10090
10090
10090
10090
10090
10090
10090
10090
10090
10090
10090
10090
10090
10090
10090
10090
10090
10090
10090
10090
10090
10090
10090
10090
10090
10090
10090
10090
10090
10096
10105
10112
10116
10116
10116
10116
10117
10149
10149
10181
10181
27675
27675
28737
29073
29092
29092
29092
30520
30522
30522
30522
30522
30522
30522
30522
30527
30640
30640
31869
32536
33562
36239
36723
37029
37032
37190
38626
38674
39086
27679
10090
10090
40151
40151
40151
41426
42100
43179
43179
43179
43332
43780
9860
48139
48723
51298
51337
51337
51338
51338
51338
53275
54180
55149
10090
59474
59474
59476
59479
59479
59479
59479
59538
60711
60711
61156
61156
61383
61384
61622
61853
67940
68408
68415
71854
71854
72004
9694
9694
9694
9805
9805
79684
79784
9793
9870
86973
89399
89462
89462
89462
89462
89462
89462
89673
89673
95912
103600
111840
143292
185453
9870
204263
10042
257879
30538
9612
297284
37029
89632
9807
9807
331036
9642
89462
9823
9694
419612
9894
439328
447135
447135
447135
452646
482537
494514
494514
9986
885580
1047088
34882
189058
79805
