7757
7757
7757
7830
7868
7897
7906
7906
7906
7913
7924
7936
7936
7936
7937
7937
7937
7937
7938
7950
7950
7950
7955
7955
7955
7955
7955
7955
7955
7955
7955
7955
7955
7955
7957
7957
7957
7962
7962
7962
7962
7962
7965
7994
7994
7998
8005
8005
8010
8010
8010
8010
8017
8022
8022
8022
8030
8030
8030
8049
8049
8049
8049
8049
8056
8074
8078
8081
8083
8084
8090
8090
8090
8090
8090
8090
8090
8090
8090
8090
8090
8090
8090
8090
8090
8090
8090
8090
8090
8103
8103
8125
8128
8128
8128
8142
8146
8147
8148
8150
8150
8151
8153
8153
8153
8156
8156
8156
8161
8161
8167
8168
8168
8175
8175
8177
8177
8177
8187
8187
8187
8218
8236
8236
8238
8238
8240
8255
8267
8355
8364
8384
8407
8407
8469
8469
8475
8479
8496
8496
8502
8628
8663
8673
8686
8787
8790
8790
8790
8790
8790
8805
8811
8839
8839
8839
8839
8839
8839
8839
8839
8845
8845
8868
8868
8868
8868
8868
8868
8868
8868
8868
8869
8895
8932
8954
8954
8957
8969
8969
8996
9014
9014
9031
9031
9031
9049
9054
9103
9135
9217
9217
9238
9238
9240
9240
9244
9244
9244
12930
13146
13146
13146
13397
13397
13489
27687
27697
27704
27706
27731
27733
27735
27739
27741
27743
27747
27749
27753
27755
27757
27763
27765
27783
27794
27794
28689
28689
28810
28818
29144
29144
30457
30457
30732
31033
31033
32488
32491
32492
32494
32498
32499
32501
32503
32507
32507
32508
32509
32511
32513
32515
32515
32515
33528
34773
34773
34787
34792
34793
34794
34800
34801
34802
34803
34804
34805
34806
34807
34808
34809
34811
34813
34816
35005
35670
36212
37003
37081
37081
37081
37610
37610
39621
39638
40157
40190
40690
42514
42514
42526
43150
43150
43256
43689
43689
44394
45807
46259
46578
46578
46578
47969
47969
48155
48155
48427
48427
48668
48698
48698
48891
51791
52239
52777
52777
52904
52904
52904
52904
52954
52956
52957
54380
54380
55291
55661
55661
56313
56716
56726
56727
57068
57068
57421
57421
59729
59729
59729
59729
59729
59729
59729
59729
59729
59729
59729
59729
59729
59729
59861
61084
61084
61221
61643
61819
63155
64144
64144
68045
68046
68294
68294
69234
69293
69293
69293
69293
69293
69811
70784
70788
72067
72073
72084
72087
72087
72088
72089
72091
72091
72094
72096
72098
72099
72099
72105
72105
72110
72446
73324
73324
74940
74940
75038
75352
79643
79643
80427
80966
82366
84645
84834
86224
87175
87757
90988
90988
91951
93934
94835
98964
925459
925459
105023
105023
108405
109905
111811
113540
113540
113540
113540
113540
113544
118141
118200
118200
119488
120794
121530
121530
126735
127929
129108
134902
134902
134920
134920
135433
137520
143505
143506
143550
48154
148594
152463
153643
153643
156760
158456
158456
158456
158760
158782
160734
161469
161584
167846
167848
170820
171736
173247
173339
176014
176015
176066
177155
181472
184147
184148
184149
184150
184151
184152
187382
187382
190870
194408
194657
195090
195092
195821
198185
198806
198938
201708
205130
205130
9182
210632
214483
214485
214486
214486
214812
214812
215358
215358
215358
215358
215358
215402
8962
8962
219366
219385
219594
8962
225387
225398
238744
240159
240163
240163
240163
240206
240206
240473
240480
240481
240484
240485
240486
240487
240489
242068
243314
243314
244511
244518
244518
244513
244514
244518
244518
245074
259920
259920
260995
272717
272718
272719
272720
272721
272722
272723
272724
272725
278786
284571
286574
286578
286579
286580
286580
286602
287480
287481
287489
290523
293467
293468
293469
293469
293471
296553
296741
297711
40157
40157
299321
299336
299336
299337
300306
300417
302047
303304
303304
304459
309875
309879
309881
309894
309899
309900
310571
310915
310915
322563
328815
329912
329912
329913
329914
329915
329916
329917
329923
43150
334908
8962
335395
335395
338315
373995
373995
375764
386614
390368
390379
394697
409849
409849
409979
420104
420105
420106
420108
420112
431670
432429
433684
439704
441366
13746
449317
449318
449319
449320
449322
449323
449324
449327
449328
452215
452216
452217
452219
488313
56313
559343
559344
559346
559346
559347
559349
559352
559353
586833
623744
7962
7957
670352
683192
685728
863668
882753
181096
941984
946358
980415
1084758
45807
1118847
1131402
1142201
1171431
1196302
1196302
1196302
1203425
8855
1250792
1355922
1415580
1492750
1506565
64176
1617787
1811344
1818570
1818571
1818572
1818577
1825980
1892571
1982068
2126561
44397
488313
2527915
2591250
2591252
2591253
2591254
2591255
2591256
2591257
2591258
2591262
2591263
2591264
2591265
2591267
2591268
2591269
2591271
2591273
2591274
2591275
2591276
2591277
2591278
2591279
2591280
2591281
2591282
2591283
2591284
2591285
2591286
2591287
2591288
2591289
2591290
2591291
2591292
2591293
2591294
2591295
2591296
2591297
2591298
2591299
2591300
2591302
2591303
2591304
2591306
2591307
2591308
2591309
2591310
2591311
2591312
2591313
2591314
2759385
681192
681192
681192
681192
681192
681192
681192
681192
681192
