6334	99.9387131274132	100.0	99.9094626168224	99.55990061353806	nematoda	512.5938223938224	342.5	2606	215	2381	.91366078280890253261	15649544	13399749	.85623894216981657740	GCF_000181795.1_Trichinella_spiralis-3.7.1_cds_from_genomic.fna	GCA_001447595.1_T1_ISS3_r1.0_genomic.fna
6334	99.87610573899373	100.0	99.83226666666665	97.83044624575338	nematoda	487.05935534591197	326.0	2606	215	2339	.89754412893323100537	15649544	16988751	1.08557482569460170852	GCF_000181795.1_Trichinella_spiralis-3.7.1_cds_from_genomic.fna	GCA_008807755.1_ASM880775v1_genomic.fna
6334	99.68243936944222	100.0	99.71624519230767	97.8133437990785	nematoda	367.04648342764756	286.0	2606	215	2275	.87298541826554105909	15649544	13394928	.85593088207554162600	GCF_000181795.1_Trichinella_spiralis-3.7.1_cds_from_genomic.fna	GCA_008807775.1_ASM880777v1_genomic.fna
6334	99.4221550387597	99.5445	99.39333644859816	97.24813974512166	nematoda	504.6717054263566	336.0	2606	215	2371	.90982348426707597851	15649544	17600090	1.12463915881510668937	GCF_000181795.1_Trichinella_spiralis-3.7.1_cds_from_genomic.fna	GCA_008807795.1_ASM880779v1_genomic.fna
6334	99.40277647588992	99.668	99.35425000000002	97.15958513879151	nematoda	285.10455159981973	230.0	2606	215	2040	.78280890253261703760	15649544	8331151	.53235742843369749303	GCF_000181795.1_Trichinella_spiralis-3.7.1_cds_from_genomic.fna	GCA_008807815.1_ASM880781v1_genomic.fna
6526	99.37884604576463	99.5605	99.3646334841629	97.29109027020105	mollusca	479.1525491770373	248.0	5236	236	4947	.94480519480519480519	54426120	43186678	.79349176461596013090	GCF_000457365.1_ASM45736v1_cds_from_genomic.fna	GCA_014524955.1_ASM1452495v1_genomic.fna
6526	99.3698836173507	99.5395	99.39992640692643	96.83549068216249	mollusca	488.7428350116189	250.0	5236	236	5130	.97975553857906799083	54426120	51973227	.95493169456136134635	GCF_000457365.1_ASM45736v1_cds_from_genomic.fna	GCA_014524965.1_ASM1452496v1_genomic.fna
6526	99.36896468292646	99.543	99.38998684210529	96.83822469764908	mollusca	486.25424390243904	250.0	5236	236	5089	.97192513368983957219	54426120	50854206	.93437132759050250137	GCF_000457365.1_ASM45736v1_cds_from_genomic.fna	GCA_014525025.1_ASM1452502v1_genomic.fna
6579	99.41533853658531	99.6	99.41757872340426	95.22588847772982	mollusca	516.3695609756097	274.0	5240	243	5101	.97347328244274809160	72445869	133788680	1.84673994317053467879	GCF_902652985.1_xPecMax1.1_cds_from_genomic.fna	GCA_020750765.1_ASM2075076v1_genomic.fna
6579				94.11094374999998	mollusca			5240	243	0	0	72445869	31459	.00043424146102795730	GCF_902652985.1_xPecMax1.1_cds_from_genomic.fna	GCA_902652895.1_xPecMax1.1_alternate_haplotype_genomic.fna
6669	98.63694822335032	98.767	98.63627685950416	97.46638792770248	arthropoda	425.99289340101524	323.0	997	243	976	.97893681043129388164	58465972	24195525	.41383943809229751623	GCF_021134715.1_ASM2113471v1_cds_from_genomic.fna	GCA_000187875.1_V1.0_genomic.fna
6669	99.3996326942483	99.58	99.32891358024688	98.08403954843472	arthropoda	414.64984863773964	317.0	997	243	982	.98495486459378134403	58465972	30044707	.51388364842373611782	GCF_021134715.1_ASM2113471v1_cds_from_genomic.fna	GCA_900092285.2_PA42_4.1_genomic.fna
6669	99.40134646464652	99.58099999999999	99.33290123456787	98.1105559221976	arthropoda	409.8858585858586	314.5	997	243	981	.98395185556670010030	58465972	27369474	.46812655402359512640	GCF_021134715.1_ASM2113471v1_cds_from_genomic.fna	GCA_911175335.1_PA42_4.2_genomic.fna
6687	99.70905179704016	100.0	99.73680263157897	98.79707590560446	arthropoda	376.7293868921776	231.0	957	230	942	.98432601880877742946	51068389	14125131	.27659245330805324601	GCF_015228065.1_NSTDA_Pmon_1_cds_from_genomic.fna	GCA_002291185.1_Pmon_WGS_v1_genomic.fna
6687	99.6623572181243	99.839	99.6820350877193	98.4228059300752	arthropoda	405.6132771338251	233.0	957	230	945	.98746081504702194357	51068389	27117457	.53100278922054893879	GCF_015228065.1_NSTDA_Pmon_1_cds_from_genomic.fna	GCA_007890405.1_Pmod26D_v1_genomic.fna
6687	99.67623712446347	99.9125	99.67421681415931	95.97220995041998	arthropoda	396.6834763948498	232.0	957	230	928	.96969696969696969696	51068389	50408862	.98708541598991893008	GCF_015228065.1_NSTDA_Pmon_1_cds_from_genomic.fna	GCA_021397565.1_NIGEL_Penmon_1.0_genomic.fna
6941	99.27053217568948	99.507	99.28998780487807	98.61970991136168	arachnida	171.41675178753832	151.0	2862	239	976	.34102026554856743535	36223281	1704795	.04706351696854848681	GCF_013339725.1_ASM1333972v1_cds_from_genomic.fna	GCA_000181235.2_CCG_Rmi_1.0_genomic.fna
6941	99.11873831775688	99.476	99.0604021164021	98.20617989788802	arachnida	387.6803738317757	240.0	2862	239	2134	.74563242487770789657	36223281	12163348	.33578813581243510216	GCF_013339725.1_ASM1333972v1_cds_from_genomic.fna	GCA_002176555.1_Rmi2.0_genomic.fna
6941	99.2748802543269	99.597	99.17889915966387	98.34340713384603	arachnida	453.31896856234545	279.0	2862	239	2821	.98567435359888190076	36223281	33544107	.92603723555577419947	GCF_013339725.1_ASM1333972v1_cds_from_genomic.fna	GCA_013435995.1_ASM1343599v1_genomic.fna
6945	99.06899478623549	99.36	99.11332644628102	98.19965826556874	arachnida	463.9224887035106	273.0	2915	245	2874	.98593481989708404802	50886965	22281845	.43786940329414418800	GCF_016920785.2_ASM1692078v2_cds_from_genomic.fna	GCA_000208615.1_JCVI_ISG_i3_1.0_genomic.fna
6945	99.07940118302017	99.3715	99.13232644628097	97.55050673634777	arachnida	487.76826722338205	278.0	2915	245	2872	.98524871355060034305	50886965	36053231	.70849638998906694474	GCF_016920785.2_ASM1692078v2_cds_from_genomic.fna	GCA_002892825.2_ISE6_asm2.2_deduplicated_genomic.fna
7038	99.14796819496075	99.384	99.21611111111113	98.29534375773564	hemiptera	526.0722841800908	291.0	2491	239	2418	.97069450020072260136	42842459	24023534	.56074124970277733124	GCF_001854935.1_ASM185493v1_cds_from_genomic.fna	GCA_003994315.1_CAAS_Bemtab1.0_genomic.fna
7038	97.54960161616138	97.771	97.6229330543933	97.06676604794173	hemiptera	517.9882828282829	290.0	2491	239	2471	.99197109594540345242	42842459	18864704	.44032729307157649377	GCF_001854935.1_ASM185493v1_cds_from_genomic.fna	GCA_004919745.1_ASM491974v1_genomic.fna
7038	97.41514273318866	97.633	97.41942056074765	96.62099243399224	hemiptera	504.9106290672451	290.0	2491	239	2301	.92372541148133279807	42842459	21590775	.50395741757026598309	GCF_001854935.1_ASM185493v1_cds_from_genomic.fna	GCA_902825415.1_B.tabaci_SSA1-SG1_Ug_Canu_n955_657Mb_genomic.fna
7038	97.42514975450055	97.66	97.40458898305081	96.71315246501683	hemiptera	459.75163666121114	281.0	2491	239	2440	.97952629466077880369	42842459	20387325	.47586729323823359438	GCF_001854935.1_ASM185493v1_cds_from_genomic.fna	GCA_902825425.1_B.tabaci_SSA1-SG1_Nigeria_Canu_n4493_656Mb_genomic.fna
7038	97.38815834845715	97.619	97.46727272727269	96.79255499357033	hemiptera	359.5603448275862	253.5	2491	239	2200	.88317944600562023283	42842459	13809040	.32232136815489512401	GCF_001854935.1_ASM185493v1_cds_from_genomic.fna	GCA_903994095.1_B.tabaci_SweetPotato_whitefly_Canu_n5713_630Mb_genomic.fna
7038	98.22044572843575	98.429	98.2698803418804	97.36898233977163	hemiptera	487.98472967395793	287.0	2491	239	2419	.97109594540345242874	42842459	22629285	.52819762283019282343	GCF_001854935.1_ASM185493v1_cds_from_genomic.fna	GCA_903994105.1_B.tabaci_ASIAII5_Canu_n227_616Mb_genomic.fna
7038	97.44832014681862	97.674	97.62171008403364	96.67007179279865	hemiptera	399.94249592169655	271.0	2491	239	2448	.98273785628261742272	42842459	19771559	.46149449544901239212	GCF_001854935.1_ASM185493v1_cds_from_genomic.fna	GCA_903994115.1_B.tabaci_SSA3_Nigeria_2278n_648mb_genomic.fna
7038	97.448332790887	97.6575	97.51101680672271	96.68364258322602	hemiptera	402.5638730675346	274.0	2491	239	2454	.98514652749899638699	42842459	20067329	.46839816080584916939	GCF_001854935.1_ASM185493v1_cds_from_genomic.fna	GCA_903994125.1_B.tabaci_SSA2_Nigeria_n785_625mb_genomic.fna
7091	99.9427740577769	100.0	99.94308606557377	98.2323290978304	lepidoptera	651.9504495886742	358.0	5261	245	5218	.99182664892605968447	56575093	22762066	.40233369125880181938	GCF_014905235.1_Bmori_2016v1.0_cds_from_genomic.fna	GCA_000151625.1_ASM15162v1_genomic.fna
7091	99.92098658892124	100.0	99.91568312757202	96.81608372710988	lepidoptera	570.1517978620019	332.0	5261	245	5135	.97605018057403535449	56575093	17797634	.31458426413899134023	GCF_014905235.1_Bmori_2016v1.0_cds_from_genomic.fna	GCA_000151715.1_ASM15171v1_genomic.fna
7091	99.95692390468872	100.0	99.9715601659751	98.78776500422708	lepidoptera	525.3823981552652	326.0	5261	245	5195	.98745485649116137616	56575093	9958351	.17602005532717374410	GCF_014905235.1_Bmori_2016v1.0_cds_from_genomic.fna	GCA_000181175.1_ASM18117v1_genomic.fna
7108	98.25459531028902	98.497	98.27760888888889	97.78482788454477	lepidoptera	630.2971497877502	344.0	5199	233	4882	.93902673591075206770	60506801	18375473	.30369268737244925574	GCF_011064685.1_ZJU_Sfru_1.0_cds_from_genomic.fna	GCA_000753635.2_ASM75363v2_genomic.fna
7108	98.28982837891398	98.507	98.32778297872338	96.80761483859592	lepidoptera	644.7707094728498	354.0	5199	233	4991	.95999230621273321792	60506801	27327196	.45163841995216372453	GCF_011064685.1_ZJU_Sfru_1.0_cds_from_genomic.fna	GCA_002213285.2_Sf9_draft_v2.0_genomic.fna
7108	98.27533475314628	98.513	98.2677167381974	97.74724532973045	lepidoptera	667.2737657308809	364.0	5199	233	5110	.98288132333140988651	60506801	18709830	.30921862816710471935	GCF_011064685.1_ZJU_Sfru_1.0_cds_from_genomic.fna	GCA_002811805.1_Sf-RVN_WGS_genomic.fna
7108	98.39418540089297	98.655	98.3109957446809	96.76777024995103	lepidoptera	678.3509998058629	368.0	5199	233	5100	.98095787651471436814	60506801	32898874	.54372191978881845034	GCF_011064685.1_ZJU_Sfru_1.0_cds_from_genomic.fna	GCA_012979215.2_ASM1297921v2_genomic.fna
7108	98.11192606320726	98.326	98.07473275862066	96.85559396882792	lepidoptera	671.6271946937183	362.0	5199	233	5073	.97576457010963646855	60506801	27190528	.44937969865569326661	GCF_011064685.1_ZJU_Sfru_1.0_cds_from_genomic.fna	GCA_015832365.1_ASM1583236v1_genomic.fna
7108	98.27426842513563	98.513	98.2465278969957	96.64677820641677	lepidoptera	658.8060512024825	353.0	5199	233	5089	.97884208501634929794	60506801	27434510	.45341200570164005200	GCF_011064685.1_ZJU_Sfru_1.0_cds_from_genomic.fna	GCA_019297735.1_ver6.0_genomic.fna
7108	98.26308496226049	98.488	98.25258008658011	97.73318579356076	lepidoptera	662.3636539578092	360.0	5199	233	5091	.97922677437968840161	60506801	20438012	.33778040918077952923	GCF_011064685.1_ZJU_Sfru_1.0_cds_from_genomic.fna	GCA_900240015.1_SF_CORN_1_genomic.fna
7111	99.38085886402746	99.554	99.3695409836066	98.03597270205607	lepidoptera	692.2432587492829	361.0	5253	244	5211	.99200456881781838949	45108866	26298357	.58299751982237815510	GCF_003590095.1_tn1_cds_from_genomic.fna	GCA_003604225.1_ASM360422v1_genomic.fna
7111	99.97549680766157	100.0	99.98467094017096	98.59550179329817	lepidoptera	718.1837589784517	368.0	5253	244	4995	.95088520845231296402	45108866	27677139	.61356317403323772315	GCF_003590095.1_tn1_cds_from_genomic.fna	GCA_009663345.1_TniFNL_draft_assembly_genomic.fna
7111	99.54557077100101	99.713	99.5241106557377	98.95263904449281	lepidoptera	657.2067510548524	359.0	5253	244	5196	.98914905768132495716	45108866	15359290	.34049381777852717468	GCF_003590095.1_tn1_cds_from_genomic.fna	GCA_013978545.1_ASM1397854v1_genomic.fna
7137	99.65249019984613	99.9255	99.64761864406778	99.234388793075	lepidoptera	626.6819754035357	347.0	5241	238	5176	.98759778668193092921	32805612	19397419	.59128355843506287887	GCF_003640425.2_ASM364042v2_cds_from_genomic.fna	GCA_002589825.1_ASM258982v1_genomic.fna
7137	99.56906525911697	99.743	99.53220588235294	98.94323203597541	lepidoptera	691.4086372360845	356.0	5241	238	5182	.98874260637282961266	32805612	20642559	.62923864977736126367	GCF_003640425.2_ASM364042v2_cds_from_genomic.fna	GCA_004355975.1_Honeycombmoth_v1_genomic.fna
7159	99.44995006165216	99.9235	99.41257740585779	99.0308667660866	diptera	1020.562885326757	801.0	3276	243	3223	.98382173382173382173	60682119	26636522	.43895174458228790593	GCF_002204515.2_AaegL5.0_cds_from_genomic.fna	GCA_000004015.3_AaegL3_genomic.fna
7159	99.41760229031232	99.875	99.33913080168782	99.16594883738925	diptera	783.4822036521201	623.0	3276	243	3210	.97985347985347985347	60682119	15863953	.26142714297765376321	GCF_002204515.2_AaegL5.0_cds_from_genomic.fna	GCA_001014885.1_ASM101488v1_genomic.fna
7159	99.21025038449694	99.583	99.13893801652893	99.02763340334431	diptera	997.0452168563519	780.0	3276	243	3230	.98595848595848595848	60682119	16490681	.27175519365103252244	GCF_002204515.2_AaegL5.0_cds_from_genomic.fna	GCA_014049715.1_ASM1404971v1_genomic.fna
7159	99.18049011124842	99.624	98.99952282157685	98.6719829852106	diptera	814.1205191594561	658.5	3276	243	3215	.98137973137973137973	60682119	23598263	.38888330514628205386	GCF_002204515.2_AaegL5.0_cds_from_genomic.fna	GCA_021653915.1_ASM2165391v1_genomic.fna
7160	98.50561354961808	98.80350000000001	98.15702118644059	97.70607620008734	diptera	959.5454834605598	764.5	3221	240	3109	.96522819000310462589	73634337	34972460	.47494771359182605256	GCF_006496715.1_Aalbo_primary.1_cds_from_genomic.fna	GCA_001444175.2_A.albopictus_v1.1_genomic.fna
7160	98.25579547596605	98.577	98.05076595744676	97.88133072810466	diptera	659.4825636192271	555.0	3221	240	3146	.97671530580565041912	73634337	12907787	.17529575909673770811	GCF_006496715.1_Aalbo_primary.1_cds_from_genomic.fna	GCA_001574995.1_ASM157499v1_genomic.fna
7160	98.05028210792038	98.242	97.88235714285716	97.15913977215536	diptera	981.744398863995	775.0	3221	240	3132	.97236882955603849736	73634337	40327074	.54766669522671196183	GCF_006496715.1_Aalbo_primary.1_cds_from_genomic.fna	GCA_001876365.2_canu_80X_arrow2.2_genomic.fna
7160	98.52126651554394	98.913	98.26536681222706	97.64793460414933	diptera	943.6823186528497	750.5	3221	240	3053	.94784228500465693883	73634337	34580318	.46962218183617243678	GCF_006496715.1_Aalbo_primary.1_cds_from_genomic.fna	GCA_006516635.1_Aalbo_alts_of_PRJNA530512_genomic.fna
7160	99.61400063131305	100.0	99.45672384937235	98.28175316149502	diptera	963.2477904040404	759.0	3221	240	3132	.97236882955603849736	73634337	42037914	.57090096431505861185	GCF_006496715.1_Aalbo_primary.1_cds_from_genomic.fna	GCA_018104305.1_AalbF3_genomic.fna
7165	99.15437101269741	99.244	99.1044117647059	98.44769359217884	diptera	992.7039331062248	777.0	3253	244	3202	.98432216415616354134	22209148	20514417	.92369221007487545222	GCF_000005575.2_AgamP3_cds_from_genomic.fna	GCA_000150785.1_g4_genomic.fna
7165	99.2586024096385	99.432	99.23892951541849	98.95226493038052	diptera	530.1028980788017	425.0	3253	244	3045	.93605902244082385490	22209148	12790681	.57591948146772672233	GCF_000005575.2_AgamP3_cds_from_genomic.fna	GCA_001014525.1_ASM101452v1_genomic.fna
7165	99.20150509102126	99.322	99.15406198347105	98.72363471892909	diptera	569.6356062943536	470.0	3253	244	3214	.98801106670765447279	22209148	18081843	.81416193903521197661	GCF_000005575.2_AgamP3_cds_from_genomic.fna	GCA_001542645.1_ASM154264v1_genomic.fna
7167	99.95100707474619	100.0	99.95169709543569	99.66274478450829	diptera	1174.00953552753	875.0	3268	242	3230	.98837209302325581395	59571357	23734618	.39842332280595857502	GCF_013758885.1_VT_AalbS3_pri_1.0_cds_from_genomic.fna	GCA_000349125.2_Anop_albi_ALBI9_A_V2_genomic.fna
7167	99.64761842105264	100.0	99.6726	99.23026729986434	diptera	875.2105263157895	605.5	3268	242	75	.02294981640146878824	59571357	480043	.00805828546091370723	GCF_013758885.1_VT_AalbS3_pri_1.0_cds_from_genomic.fna	GCA_014083485.1_VT_AalbS3_alt_1.0_genomic.fna
7167	99.95100707474619	100.0	99.95169709543569	99.65340941098435	diptera	1174.00953552753	875.0	3268	242	3230	.98837209302325581395	59571357	23752952	.39873108816372942452	GCF_013758885.1_VT_AalbS3_pri_1.0_cds_from_genomic.fna	GCA_015501965.1_AalbS4_genomic.fna
7176	98.85900379626693	99.224	98.78670562770566	98.51176267131677	diptera	1038.1989876621321	809.0	3223	235	3110	.96493949736270555383	49261514	26200519	.53186589027694114314	GCF_015732765.1_VPISU_Cqui_1.0_pri_paternal_cds_from_genomic.fna	GCA_000209185.1_CulPip1.0_genomic.fna
7176	98.31162786259536	99.0815	97.98683783783785	97.88968384401277	diptera	857.8702290076336	638.0	3223	235	1030	.31957803288861309339	49261514	10094384	.20491420543834686039	GCF_015732765.1_VPISU_Cqui_1.0_pri_paternal_cds_from_genomic.fna	GCA_015732745.1_VPISU_Cqui_1.0_alt_paternal_genomic.fna
7217	99.98897594819616	100.0	99.99061016949152	98.64900882906326	diptera	1018.9022510021586	810.0	3268	237	3221	.98561811505507955936	60971076	29184142	.47865551856096487455	GCF_017639315.1_ASM1763931v2_cds_from_genomic.fna	GCA_000005115.1_dana_caf1_genomic.fna
7217	99.99015797593337	100.0	99.99057021276596	97.52640628058933	diptera	1024.6831224930577	816.0	3268	237	3219	.98500611995104039167	60971076	35150170	.57650565327074103137	GCF_017639315.1_ASM1763931v2_cds_from_genomic.fna	GCA_003285975.3_DanaRS2.1_genomic.fna
7217	99.98826450617284	100.0	99.99014767932489	97.49223184793559	diptera	1024.6641975308642	816.0	3268	237	3218	.98470012239902080783	60971076	32942478	.54029681221305656472	GCF_017639315.1_ASM1763931v2_cds_from_genomic.fna	GCA_018148915.1_ASM1814891v1_genomic.fna
7220	99.99019588578446	100.0	99.9894537815126	99.30416570781236	diptera	1018.290758366595	810.0	3269	239	3236	.98990516977669011930	47089453	26973530	.57281468102846724509	GCF_003286155.1_DereRS2_cds_from_genomic.fna	GCA_000005135.1_dere_caf1_genomic.fna
7220	99.9915390288875	100.0	99.9910294117647	99.12348005693005	diptera	1019.3758451137062	810.5	3269	239	3233	.98898745793820740287	47089453	28066263	.59602015338763862897	GCF_003286155.1_DereRS2_cds_from_genomic.fna	GCA_018904525.1_ASM1890452v1_genomic.fna
7229	99.93857049077837	100.0	99.91084810126581	97.80882246337423	diptera	1025.4542044388872	813.0	3272	240	3180	.97188264058679706601	67180216	29451168	.43839049282008858084	GCF_003369915.1_D.miranda_PacBio2.1_cds_from_genomic.fna	GCA_000269505.2_DroMir_2.2_genomic.fna
7229	99.91691471888818	100.0	99.82439316239318	98.89919012506101	diptera	932.6718256475048	748.0	3272	240	3147	.96179706601466992665	67180216	23359173	.34770910828866641333	GCF_003369915.1_D.miranda_PacBio2.1_cds_from_genomic.fna	GCA_001014365.1_ASM101436v1_genomic.fna
7234	99.9655148148148	100.0	99.89369620253163	98.33603969880531	diptera	951.4478395061728	764.5	3267	240	3217	.98469543924089378634	38658510	24697485	.63886282735677086364	GCF_003286085.1_DperRS2_cds_from_genomic.fna	GCA_000005195.1_dper_caf1_genomic.fna
7234	99.64032226322276	99.7465	99.59243333333329	96.79926700307504	diptera	1005.7097170971709	811.0	3267	240	3230	.98867462503826140189	38658510	28725295	.74305230594764257598	GCF_003286085.1_DperRS2_cds_from_genomic.fna	GCA_018904465.1_ASM1890446v1_genomic.fna
7234	99.66036329820193	99.7575	99.58845188284512	96.84224007001578	diptera	998.0582765034098	794.0	3267	240	3204	.98071625344352617079	38658510	32534094	.84157651187280627215	GCF_003286085.1_DperRS2_cds_from_genomic.fna	GCA_020698555.1_M40_MC_genomic.fna
7237	99.56844027734019	99.685	99.6029653679654	99.18338546206338	diptera	908.2760794201072	738.0	3269	239	3153	.96451514224533496482	62342407	19858660	.31854175922338064361	GCF_009870125.1_UCI_Dpse_MV25_cds_from_genomic.fna	GCA_001014495.1_ASM101449v1_genomic.fna
7237	99.65932994767623	99.827	99.5880714285714	96.02556354277458	diptera	953.8581101877501	775.0	3269	239	3230	.98806974609972468644	62342407	30463076	.48864131922272426857	GCF_009870125.1_UCI_Dpse_MV25_cds_from_genomic.fna	GCA_004329205.1_UCBerk_Dpse_1.0_genomic.fna
7237	99.51743354918271	99.618	99.47593723849383	95.61930942731207	diptera	1003.550107924761	809.0	3269	239	3223	.98592841847659834811	62342407	31622070	.50723209965248855405	GCF_009870125.1_UCI_Dpse_MV25_cds_from_genomic.fna	GCA_018904455.1_ASM1890445v1_genomic.fna
7237	99.51922982131855	99.62950000000001	99.48819246861929	96.11459271026443	diptera	850.8028342575477	715.0	3269	239	3226	.98684613031508106454	62342407	31019875	.49757262339902917126	GCF_009870125.1_UCI_Dpse_MV25_cds_from_genomic.fna	GCA_000001765.3_Dpse_4.0_genomic.fna
7237	99.51568946395544	99.614	99.47171966527202	97.52314250904342	diptera	1002.660505237215	811.0	3269	239	3226	.98684613031508106454	62342407	28174967	.45193903084300226008	GCF_009870125.1_UCI_Dpse_MV25_cds_from_genomic.fna	GCA_000149495.1_ASM14949v1_genomic.fna
7237	99.52176062846551	99.629	99.42290794979083	95.63023538987183	diptera	971.6447935921134	780.0	3269	239	3226	.98684613031508106454	62342407	33970218	.54489744035709112097	GCF_009870125.1_UCI_Dpse_MV25_cds_from_genomic.fna	GCA_020698565.1_ST_MC_genomic.fna
7238	99.97175406317078	100.0	99.9739829787234	99.38901520662904	diptera	963.2204845139528	771.0	3270	237	3241	.99113149847094801223	50841764	24850416	.48877957893042420794	GCF_004382195.1_ASM438219v1_cds_from_genomic.fna	GCA_000005215.1_dsec_caf1_genomic.fna
7238	99.98581633906628	100.0	99.98329361702126	98.71079660801881	diptera	1020.1744471744472	813.0	3270	237	3236	.98960244648318042813	50841764	30436088	.59864343023188573866	GCF_004382195.1_ASM438219v1_cds_from_genomic.fna	GCA_018904445.1_ASM1890444v1_genomic.fna
7241	99.43234269485617	99.557	99.38563675213678	99.26799606797277	diptera	971.1552540233512	777.0	3269	240	3149	.96329152646069134291	49279245	22761948	.46189725512231366369	GCF_008121235.1_UCBerk_Dsub_1.0_cds_from_genomic.fna	GCA_002749795.1_Dsub_1.0_genomic.fna
7241	99.37688286066579	99.5305	99.35395815899585	98.4846912368505	diptera	980.707768187423	790.0	3269	240	3224	.98623432242275925359	49279245	28388860	.57608147202742249805	GCF_008121235.1_UCBerk_Dsub_1.0_cds_from_genomic.fna	GCA_018903505.1_ASM1890350v1_genomic.fna
7241	99.44335881627605	99.5655	99.40305833333332	98.67570649772821	diptera	921.7117755856966	758.5	3269	240	3224	.98623432242275925359	49279245	25728846	.52210308822710250532	GCF_008121235.1_UCBerk_Dsub_1.0_cds_from_genomic.fna	GCA_900682585.1_ASM90068258v1_genomic.fna
7241	99.42919925857264	99.537	99.36893333333337	98.48632093358248	diptera	978.9447018844609	790.0	3269	240	3217	.98409299479963291526	49279245	28315518	.57459317812194565886	GCF_008121235.1_UCBerk_Dsub_1.0_cds_from_genomic.fna	GCA_903684685.1_dsubES12G5_genomic.fna
7243	99.14538312288245	99.273	99.12452320675105	98.31985081999706	diptera	990.328611025562	791.0	3266	239	3226	.98775260257195345988	46612915	30480233	.65390102721531146464	GCF_016746235.2_Prin_Dtei_1.1_cds_from_genomic.fna	GCA_018903625.1_ASM1890362v1_genomic.fna
7243	99.13280565805648	99.248	99.07246638655467	98.32398244218469	diptera	985.190036900369	786.0	3266	239	3231	.98928352725045927740	46612915	29892823	.64129915496595739614	GCF_016746235.2_Prin_Dtei_1.1_cds_from_genomic.fna	GCA_018903635.1_ASM1890363v1_genomic.fna
7244	99.98462422934647	100.0	99.9929957805907	96.96929156685223	diptera	1019.4648581997534	813.5	3266	239	3226	.98775260257195345988	56415288	27572401	.48873987845280520414	GCF_003285735.1_DvirRS2_cds_from_genomic.fna	GCA_000005245.1_dvir_caf1_genomic.fna
7244	99.88347923715769	100.0	99.86558227848103	96.31070212484764	diptera	1016.7354660104584	812.0	3266	239	3233	.98989589712186160440	56415288	30349270	.53796180212711136031	GCF_003285735.1_DvirRS2_cds_from_genomic.fna	GCA_007989325.2_ASM798932v2_genomic.fna
7244	99.56128345724898	99.619	99.57650854700849	96.77390933496743	diptera	951.4885377942999	773.0	3266	239	3210	.98285364360073484384	56415288	25138730	.44560137670483929817	GCF_003285735.1_DvirRS2_cds_from_genomic.fna	GCA_016920725.1_Dvir_9_genomic.fna
7244	99.99048075146285	100.0	99.99631223628693	96.34333322202899	diptera	1027.5435786880198	817.0	3266	239	3229	.98867115737905695039	56415288	29776844	.52781515535292490220	GCF_003285735.1_DvirRS2_cds_from_genomic.fna	GCA_018153695.1_ASM1815369v1_genomic.fna
7245	99.98017674275141	100.0	99.9920466101695	99.01166879419304	diptera	1011.6906230721777	805.5	3264	238	3222	.98713235294117647058	59764222	26546967	.44419497337386906835	GCF_016746365.2_Prin_Dyak_Tai18E2_2.1_cds_from_genomic.fna	GCA_000005975.1_dyak_caf1_genomic.fna
7245	99.20096515571991	99.347	99.16931355932205	97.90469243915	diptera	998.2260252852298	797.0	3264	238	3223	.98743872549019607843	59764222	30887249	.51681839010637501480	GCF_016746365.2_Prin_Dyak_Tai18E2_2.1_cds_from_genomic.fna	GCA_016746335.2_Prin_Dyak_NY73PB_1.1_genomic.fna
7245	99.98718467220684	100.0	99.98670762711863	98.49792827766876	diptera	1017.1434287473069	810.0	3264	238	3229	.98927696078431372549	59764222	30069798	.50314045751319242472	GCF_016746365.2_Prin_Dyak_Tai18E2_2.1_cds_from_genomic.fna	GCA_018904385.1_ASM1890438v1_genomic.fna
7260	99.38332245149356	99.562	99.40738075313811	98.1075023524976	diptera	997.2205112411457	809.0	3263	240	3221	.98712840943916641127	37089897	27587048	.74378874656891066588	GCF_000005925.1_dwil_caf1_cds_from_genomic.fna	GCA_018153465.1_ASM1815346v1_genomic.fna
7260					diptera			3263	240	0	0	37089897	0	0	GCF_000005925.1_dwil_caf1_cds_from_genomic.fna	GCA_018902025.2_UCI_dwil_1.0_genomic.fna
7260	99.48258376882879	99.695	99.46225104602506	98.10592183461361	diptera	1019.4036274208423	816.0	3263	240	3227	.98896720809071406680	37089897	29283253	.78952101161132909050	GCF_000005925.1_dwil_caf1_cds_from_genomic.fna	GCA_018903445.1_ASM1890344v1_genomic.fna
7274	99.3742024577573	99.497	99.43617916666668	98.9788946924623	diptera	989.0110599078341	774.0	3270	240	3233	.98868501529051987767	38092921	23438182	.61528970172699541733	GCF_002093755.1_Dser1.0_cds_from_genomic.fna	GCA_008042835.1_UCB_Dser_1.0_genomic.fna
7274	99.36115950920258	99.485	99.39640416666671	98.55023622258098	diptera	989.4444785276073	772.0	3270	240	3238	.99021406727828746177	38092921	25654950	.67348340128602897110	GCF_002093755.1_Dser1.0_cds_from_genomic.fna	GCA_021223895.1_ASM2122389v1_genomic.fna
7291	98.9511401960787	99.209	98.91352752293574	98.70503266880804	diptera	862.4444444444445	713.5	3233	235	3023	.93504484998453448809	48049182	19754578	.41113245174496414944	GCF_009650485.1_drosAlbom15112-1751.03v1_cds_from_genomic.fna	GCA_000298335.1_DroAlb_1.0_genomic.fna
7291	98.99578154243329	99.292	99.10415555555548	98.54630895166234	diptera	837.6011616650533	688.0	3233	235	3061	.94679863903495205691	48049182	18698149	.38914604206997738275	GCF_009650485.1_drosAlbom15112-1751.03v1_cds_from_genomic.fna	GCA_001014995.1_ASM101499v1_genomic.fna
7291	98.96639484311928	99.225	99.00171489361702	98.7776291529205	diptera	963.2593973283629	775.0	3233	235	3180	.98360655737704918032	48049182	20777914	.43243012961177986339	GCF_009650485.1_drosAlbom15112-1751.03v1_cds_from_genomic.fna	GCA_016746445.1_UOM_Dnalb_Oki_v1_genomic.fna
7291	99.10838521279904	99.402	99.13882978723404	97.59804315261788	diptera	975.4022988505748	788.0	3233	235	3180	.98360655737704918032	48049182	32416044	.67464299392235230976	GCF_009650485.1_drosAlbom15112-1751.03v1_cds_from_genomic.fna	GCA_019972415.1_D_albomicans_1.0_genomic.fna
7370	99.59289228766666	100.0	99.60503571428572	99.4069274622291	diptera	709.873088187439	543.0	3269	242	3050	.93300703579076170082	40417076	13341249	.33008941567173241329	GCF_000371365.1_Musca_domestica-2.0.2_cds_from_genomic.fna	GCA_002191195.1_ASM219119v1_genomic.fna
7370	98.82122498118883	99.21799999999999	98.75275935828873	98.61073899399861	diptera	408.9446952595937	346.0	3269	242	2635	.80605689813398592841	40417076	11775195	.29134208026330257042	GCF_000371365.1_Musca_domestica-2.0.2_cds_from_genomic.fna	GCA_014843735.1_ASM1484373v1_genomic.fna
7375	99.98676133209997	100.0	99.987625	99.51755573228388	diptera	989.8868331791551	756.0	3267	240	3222	.98622589531680440771	35161052	23280915	.66212225390753382464	GCF_000699065.1_Lcup_2.0_cds_from_genomic.fna	GCA_001187945.1_ASM118794v1_genomic.fna
7375	98.98592942989232	99.049	98.93277405857742	98.542192256323	diptera	937.9910631741141	726.0	3267	240	3224	.98683807774716865625	35161052	23066771	.65603187868212816840	GCF_000699065.1_Lcup_2.0_cds_from_genomic.fna	GCA_022045245.1_ASM2204524v1_genomic.fna
7460	99.90959017781567	100.0	99.9330255319149	99.43685923582296	hymenoptera	664.4306519898391	412.0	5954	238	5854	.98320456835740678535	57397644	19956514	.34768873091724810168	GCF_003254395.2_Amel_HAv3.1_cds_from_genomic.fna	GCA_000002195.1_Amel_4.5_genomic.fna
7460	99.88035323972244	100.0	99.92243644067797	99.36755076507959	hymenoptera	672.3359837590932	416.0	5954	238	5860	.98421229425596237823	57397644	20845740	.36318110896677222500	GCF_003254395.2_Amel_HAv3.1_cds_from_genomic.fna	GCA_019321825.1_ASM1932182v1_genomic.fna
7460	99.78235553677101	100.0	99.83193697478988	99.26087751505442	hymenoptera	656.3259509721048	414.0	5954	238	5864	.98488411152166610681	57397644	20640001	.35959665870606117561	GCF_003254395.2_Amel_HAv3.1_cds_from_genomic.fna	GCA_003314205.1_INRA_AMelMel_1.0_genomic.fna
7460	99.86510591216202	100.0	99.9146050420168	99.39932833858173	hymenoptera	659.9418918918919	414.0	5954	238	5869	.98572388310379576755	57397644	20154960	.35114612021357531678	GCF_003254395.2_Amel_HAv3.1_cds_from_genomic.fna	GCA_013841245.2_ASM1384124v2_genomic.fna
7460	99.85273893207183	100.0	99.91135714285716	99.35288015187665	hymenoptera	668.2701926326462	416.0	5954	238	5867	.98538797447094390325	57397644	20525750	.35760614146462178830	GCF_003254395.2_Amel_HAv3.1_cds_from_genomic.fna	GCA_013841205.1_ASM1384120v1_genomic.fna
7460	99.82223758026373	100.0	99.8775864978903	99.75239390657919	hymenoptera	568.1079756674552	398.0	5954	238	5867	.98538797447094390325	57397644	10631185	.18521988463498606319	GCF_003254395.2_Amel_HAv3.1_cds_from_genomic.fna	GCA_000819425.1_Ami_v1_genomic.fna
7461	99.85320901847776	100.0	99.89676569037655	99.6520226180875	hymenoptera	658.1757925072046	412.0	5933	240	5839	.98415641328164503623	41597160	18933792	.45517030489581500275	GCF_001442555.1_ACSNU-2.0_cds_from_genomic.fna	GCA_019250055.1_ASM1925005v1_genomic.fna
7461	99.8678419887623	100.0	99.89886554621852	99.58158180614443	hymenoptera	622.6642261195301	407.0	5933	240	5814	.97994269340974212034	41597160	18753709	.45084109107448681592	GCF_001442555.1_ACSNU-2.0_cds_from_genomic.fna	GCA_020141525.1_ASM2014152v1_genomic.fna
7461	99.85793449855784	100.0	99.89135833333332	99.70487375864407	hymenoptera	646.8640760223994	410.0	5933	240	5833	.98314512051238833642	41597160	18640938	.44813006464864428244	GCF_001442555.1_ACSNU-2.0_cds_from_genomic.fna	GCA_002290385.1_ApisCC1.0_genomic.fna
7461	99.8557922320219	100.0	99.90460000000003	99.58593070951251	hymenoptera	656.7862957937584	412.0	5933	240	5836	.98365076689701668633	41597160	19113739	.45949624926317085108	GCF_001442555.1_ACSNU-2.0_cds_from_genomic.fna	GCA_011100585.1_ASM1110058v1_genomic.fna
7461	99.9081833163439	100.0	99.935243697479	99.74424935428213	hymenoptera	658.7964661909616	412.0	5933	240	5826	.98196527894825551997	41597160	18546224	.44585313035793789768	GCF_001442555.1_ACSNU-2.0_cds_from_genomic.fna	GCA_002217905.1_Apiscer_1.0_genomic.fna
7654	98.98930827067674	99.219	98.97182591093116	96.57114546980732	metazoa	413.9409237379162	310.0	945	251	931	.98518518518518518518	73993884	32207233	.43526885276085791090	GCF_018143015.1_Lvar_3.0_cds_from_genomic.fna	GCA_000239495.2_Lvar_2.2_genomic.fna
7654	98.9382909482759	99.265	98.89759591836737	96.48679739314778	metazoa	301.7693965517241	223.0	945	251	928	.98201058201058201058	73993884	38989198	.52692460366048631803	GCF_018143015.1_Lvar_3.0_cds_from_genomic.fna	GCA_011630205.1_ASM1163020v1_genomic.fna
7719	99.97168701442844	100.0	99.96598749999998	98.74331206801354	metazoa	521.5260821309656	268.0	905	241	898	.99226519337016574585	40577653	23300671	.57422421646712785483	GCF_000224145.3_KH_cds_from_genomic.fna	GCA_000183065.1_v1.0_genomic.fna
7719	99.28775498891365	99.47200000000001	99.24356485355648	97.40357083575356	metazoa	518.2827050997782	267.5	905	241	899	.99337016574585635359	40577653	26933611	.66375477655151716142	GCF_000224145.3_KH_cds_from_genomic.fna	GCA_009617815.1_Ciona_intestinalis_HT_Hoya_T-line_assembly_2019_genomic.fna
7719					metazoa			905	241	0	0	40577653	0	0	GCF_000224145.3_KH_cds_from_genomic.fna	GCA_018327805.1_CinttypeB-Plymouth_1.0_genomic.fna
7719					metazoa			905	241	0	0	40577653	0	0	GCF_000224145.3_KH_cds_from_genomic.fna	GCA_018327825.1_CinttypeB-Roscoff_1.0_genomic.fna
7741	99.9558143009605	100.0	99.95155371900826	98.10716943897981	metazoa	306.5154749199573	208.0	948	247	937	.98839662447257383966	67187352	53853016	.80153502700925019339	GCF_001625305.1_Haploidv18h27_cds_from_genomic.fna	GCA_001625405.1_Diploidv18_genomic.fna
7741	97.79664686825045	98.1385	97.85074583333333	96.74759946147189	metazoa	289.7300215982721	205.5	948	247	926	.97679324894514767932	67187352	49709413	.73986266046026043711	GCF_001625305.1_Haploidv18h27_cds_from_genomic.fna	GCA_900128855.1_Haploidv18h27_alt_genomic.fna
13037	99.33683856926581	99.4505	99.18036885245897	99.03675026197554	lepidoptera	674.2185844057532	369.0	5267	244	5227	.99240554395291437250	34624757	22196240	.64105114152858892266	GCF_009731565.1_Dplex_v4_cds_from_genomic.fna	GCA_018135715.1_MEX_DaPlex_genomic.fna
13037	99.98186258089078	100.0	99.98149180327869	99.79418106280578	lepidoptera	696.584126379901	371.0	5267	244	5233	.99354471235997721663	34624757	22994925	.66411801821453938290	GCF_009731565.1_Dplex_v4_cds_from_genomic.fna	GCA_000235995.2_Dpv3_genomic.fna
13686	99.91653897736813	100.0	99.92382231404959	99.17456292499693	hymenoptera	681.6888516345348	418.0	5985	243	5921	.98930659983291562238	63726679	25501587	.40017128462005685248	GCF_016802725.1_UNIL_Sinv_3.0_cds_from_genomic.fna	GCA_000188075.2_Si_gnH_genomic.fna
13686	99.91213037423842	100.0	99.89440265486729	98.98059890960832	hymenoptera	646.4339425587467	405.0	5985	243	5704	.95304928989139515455	63726679	25977381	.40763745118429912219	GCF_016802725.1_UNIL_Sinv_3.0_cds_from_genomic.fna	GCA_009299965.1_ASM929996v1_genomic.fna
13686	99.91179294038172	100.0	99.90855000000002	98.83581296102507	hymenoptera	666.3134605640939	415.0	5985	243	5877	.98195488721804511278	63726679	28659626	.44972727984146168985	GCF_016802725.1_UNIL_Sinv_3.0_cds_from_genomic.fna	GCA_009299975.1_ASM929997v1_genomic.fna
13686	99.9197943250503	100.0	99.91541322314049	98.87105043868388	hymenoptera	674.6024177300202	416.0	5985	243	5912	.98780284043441938178	63726679	28481973	.44693954630838365200	GCF_016802725.1_UNIL_Sinv_3.0_cds_from_genomic.fna	GCA_009650705.1_Solenopsis_invicta_SB1.0_genomic.fna
13686	99.93649051536003	100.0	99.93982644628099	98.89067416037537	hymenoptera	684.3464831290918	418.0	5985	243	5913	.98796992481203007518	63726679	28826481	.45234557099703877554	GCF_016802725.1_UNIL_Sinv_3.0_cds_from_genomic.fna	GCA_010367695.1_ASM1036769v1_genomic.fna
13686	99.90321843519133	100.0	99.89184362139919	98.65433704237078	hymenoptera	679.5315648085964	417.0	5985	243	5912	.98780284043441938178	63726679	29876093	.46881609819962530920	GCF_016802725.1_UNIL_Sinv_3.0_cds_from_genomic.fna	GCA_018691235.1_QMUL_Sinv_Sequel2_genomic.fna
28584	98.37162236024852	98.5605	98.30219148936168	98.13598408240792	diptera	926.5925465838509	738.0	3269	238	3197	.97797491587641480575	54271942	20383324	.37557756823958869944	GCF_013340165.1_LBDM_Dsuz_2.1.pri_cds_from_genomic.fna	GCA_000326985.1_ASM32698v1_genomic.fna
28584	99.75842808536974	100.0	99.75120762711867	98.85647977430212	diptera	957.4361274358181	754.0	3269	238	3210	.98195166717650657693	54271942	26973669	.49700946761772409028	GCF_013340165.1_LBDM_Dsuz_2.1.pri_cds_from_genomic.fna	GCA_000472105.1_Dsuzukii.v01_genomic.fna
28584	98.81864855687607	99.198	98.589	98.38018130879632	diptera	719.1680814940577	555.0	3269	238	580	.17742428877332517589	54271942	4284532	.07894561797696496653	GCF_013340165.1_LBDM_Dsuz_2.1.pri_cds_from_genomic.fna	GCA_013340185.1_LBDM_Dsuz_2.1.alt_genomic.fna
29030	97.92184772516225	97.994	97.76080425531917	98.10830579109378	diptera	929.6799752398638	758.0	3254	235	3202	.98401966810079901659	36198403	24143242	.66696981079524419903	GCF_018152695.1_ASM1815269v1_cds_from_genomic.fna	GCA_000224235.2_Dtak_2.0_genomic.fna
29030	97.95477923292796	98.068	97.87427312775333	98.17246320647774	diptera	792.6610539444964	667.0	3254	235	3178	.97664413030116779348	36198403	15088300	.41682225594316964756	GCF_018152695.1_ASM1815269v1_cds_from_genomic.fna	GCA_002223445.1_ASM222344v1_genomic.fna
29159	98.9868940643035	99.2915	98.8719282511211	97.36534049059784	mollusca	496.69435284418796	263.0	5254	242	4843	.92177388656261895698	127212756	51944931	.40833115037614624118	GCF_902806645.1_cgigas_uk_roslin_v1_cds_from_genomic.fna	GCA_000297895.2_ASM29789v2_genomic.fna
29159	99.01206405124103	99.298	98.9795775862069	97.37311644610358	mollusca	427.47397918334667	253.0	5254	242	4984	.94861058241339931480	127212756	49330380	.38777856522501564229	GCF_902806645.1_cgigas_uk_roslin_v1_cds_from_genomic.fna	GCA_005518195.2_NWPU_Cgig_v2_genomic.fna
29159	98.99775536394628	99.262	98.97346724890829	94.2229601342288	mollusca	499.69540806095847	265.0	5254	242	4974	.94670727065093262276	127212756	112678008	.88574457108688062697	GCF_902806645.1_cgigas_uk_roslin_v1_cds_from_genomic.fna	GCA_011032805.1_ASM1103280v1_genomic.fna
30019	99.95799272382159	100.0	99.96073275862071	99.78065163657378	diptera	946.9553938627017	764.0	3245	239	3135	.96610169491525423728	37460212	18853672	.50329859318468352501	GCF_011750605.1_ASM1175060v1_cds_from_genomic.fna	GCA_001014355.1_ASM101435v1_genomic.fna
30019	99.95171593389472	100.0	99.96148305084746	99.57614483282205	diptera	996.1253507951357	810.0	3245	239	3180	.97996918335901386748	37460212	24118392	.64384024308244705075	GCF_011750605.1_ASM1175060v1_cds_from_genomic.fna	GCA_001277935.1_ASM127793v1_genomic.fna
30023	99.98349753846158	100.0	99.97456903765692	99.09840073535156	diptera	1018.7926153846154	807.5	3267	239	3225	.98714416896235078053	54747056	25164560	.45965138289810505974	GCF_018152505.1_ASM1815250v1_cds_from_genomic.fna	GCA_000224195.2_Dele_2.0_genomic.fna
30023	99.4259160752853	99.619	99.44064016736401	98.6386704963023	diptera	1014.410984264116	805.0	3267	239	3216	.98438934802571166207	54747056	25126357	.45895357368622707310	GCF_018152505.1_ASM1815250v1_cds_from_genomic.fna	GCA_011057505.1_D.elegans_HK_3.0_genomic.fna
30033	99.98610960591128	100.0	99.99640833333333	99.38775090311178	diptera	1051.3158866995075	820.0	3268	241	3227	.98745410036719706242	47090529	25932465	.55069385608303529569	GCF_018152535.1_ASM1815253v1_cds_from_genomic.fna	GCA_000224215.2_Dkik_2.0_genomic.fna
30033	99.00381745543949	99.213	99.03587499999999	98.42800369978895	diptera	1012.0949600491703	807.0	3268	241	3232	.98898408812729498164	47090529	27090097	.57527697342282988581	GCF_018152535.1_ASM1815253v1_cds_from_genomic.fna	GCA_021223915.1_ASM2122391v1_genomic.fna
30069	99.48938073253296	99.585	99.49636929460584	99.30406315280437	diptera	1115.9963065558634	854.0	3273	241	3227	.98594561564314084937	73144262	23460062	.32073687475307359037	GCF_013141755.1_UCI_ANSTEP_V1.0_cds_from_genomic.fna	GCA_000300775.2_ASM30077v2_genomic.fna
30069	99.45535685670245	99.537	99.4645020746888	99.229698009316	diptera	1123.5392912172574	866.0	3273	241	3223	.98472349526428353192	73144262	23698812	.32400097221570162263	GCF_013141755.1_UCI_ANSTEP_V1.0_cds_from_genomic.fna	GCA_000349045.1_Anop_step_SDA-500_V1_genomic.fna
30069	99.44298505286164	99.527	99.44920197044338	99.16653334403024	diptera	1132.4236237695952	872.0	3273	241	2721	.83134738771769019248	73144262	19977684	.27312715247574717480	GCF_013141755.1_UCI_ANSTEP_V1.0_cds_from_genomic.fna	GCA_003448955.2_ASM344895v2_genomic.fna
30069	99.49302299999985	99.5885	99.5026203703704	99.26098110991634	diptera	1119.3136666666667	865.5	3273	241	2980	.91047968224870149709	73144262	21590060	.29517093220518104345	GCF_013141755.1_UCI_ANSTEP_V1.0_cds_from_genomic.fna	GCA_003448975.2_ASM344897v2_genomic.fna
30069	99.48975192130327	99.585	99.49636929460584	99.29072359943014	diptera	1116.3243160159852	854.0	3273	241	3231	.98716773602199816681	73144262	23643394	.32324331879922446958	GCF_013141755.1_UCI_ANSTEP_V1.0_cds_from_genomic.fna	GCA_017562265.1_AsteI4_genomic.fna
30069	99.30847460267996	99.386	99.29028510638297	98.67151511470628	diptera	1024.1511374259894	800.0	3273	241	3187	.97372441185456767491	73144262	26439259	.36146730142687064092	GCF_013141755.1_UCI_ANSTEP_V1.0_cds_from_genomic.fna	GCA_020882675.1_IBAB_AnStep_IndChStd_v1_genomic.fna
30195	99.90575425298957	100.0	99.91582157676346	99.48326244632493	hymenoptera	666.0432878558195	414.0	5972	241	5892	.98660415271265907568	44492785	20520665	.46121331806943530282	GCF_000214255.1_Bter_1.0_cds_from_genomic.fna	GCA_910591885.1_iyBomTerr1.1_genomic.fna
30195	99.90350888776008	100.0	99.91995378151259	99.50816069496139	hymenoptera	662.580667005248	412.0	5972	241	5863	.98174815807099799062	44492785	20057611	.45080592280298929365	GCF_000214255.1_Bter_1.0_cds_from_genomic.fna	GCA_910592195.1_iyBomTerr1.1_alternate_haplotype_genomic.fna
31234	99.64915552699235	100.0	99.60923555555554	96.20050099264235	nematoda	535.3370822622107	424.0	3123	225	3109	.99551713096381684277	37851290	55056954	1.45455951435208681130	GCF_000149515.1_ASM14951v1_cds_from_genomic.fna	GCA_001643735.3_ASM164373v3_genomic.fna
31234	98.82264758842442	99.14099999999999	98.82601777777788	94.85620561804949	nematoda	525.0861736334405	414.0	3123	225	3106	.99455651617034902337	37851290	59206930	1.56419847249591757638	GCF_000149515.1_ASM14951v1_cds_from_genomic.fna	GCA_002259225.2_ASM225922v2_genomic.fna
31234	98.76882957474228	99.07900000000001	98.83278571428582	95.14789042423135	nematoda	523.632087628866	413.5	3123	225	3101	.99295549151456932436	37851290	54357083	1.43606949723510083804	GCF_000149515.1_ASM14951v1_cds_from_genomic.fna	GCA_010183535.1_CRPX506_genomic.fna
31234	99.74977434908389	100.0	99.69888392857145	96.26444985512798	nematoda	535.5104468016715	423.0	3123	225	3108	.99519692603266090297	37851290	67348733	1.77929822206852131063	GCF_000149515.1_ASM14951v1_cds_from_genomic.fna	GCA_018990105.1_ASM1899010v1_genomic.fna
35525	99.6717707070707	99.755	99.68243621399172	99.12978134897305	arthropoda	439.46060606060604	324.5	1000	245	982	.98200000000000000000	50980763	22953012	.45022888339274168964	GCF_020631705.1_ASM2063170v1.1_cds_from_genomic.fna	GCA_001632505.1_daphmag2.4_genomic.fna
35525	99.71382275931515	99.845	99.70852263374482	98.65072451969502	arthropoda	442.01409869083585	324.0	1000	245	985	.98500000000000000000	50980763	26827753	.52623286552223629920	GCF_020631705.1_ASM2063170v1.1_cds_from_genomic.fna	GCA_003990815.1_ASM399081v1_genomic.fna
35525	99.71212118126265	99.8455	99.72649999999997	98.85257116379402	arthropoda	429.4684317718941	321.0	1000	245	974	.97400000000000000000	50980763	28028629	.54978833878967248881	GCF_020631705.1_ASM2063170v1.1_cds_from_genomic.fna	GCA_927798085.1_BMH47_Flye_60x_assembly_genomic.fna
35525	99.68722065217383	99.7735	99.70469130434786	98.85810932367613	arthropoda	435.73478260869564	323.0	1000	245	912	.91200000000000000000	50980763	26632498	.52240289145927455028	GCF_020631705.1_ASM2063170v1.1_cds_from_genomic.fna	GCA_927798105.1_BMH30_Flye_60x_assembly_genomic.fna
37344	99.32434696636807	99.448	99.44810743801655	99.15904173765759	hymenoptera	684.6559067094812	417.0	5956	243	5863	.98438549361987911349	49572320	21085245	.42534311486732918693	GCF_000344095.2_Aros_2.0_cds_from_genomic.fna	GCA_917207985.1_iyAthRosa1.1_alternate_haplotype_genomic.fna
37344	99.32585508961783	99.4485	99.45442975206613	99.15307079064193	hymenoptera	684.4671964829218	417.0	5956	243	5861	.98404969778374748153	49572320	21119788	.42603993518963808835	GCF_000344095.2_Aros_2.0_cds_from_genomic.fna	GCA_917208135.1_iyAthRosa1.1_genomic.fna
41139	98.69623864179806	98.839	98.67657083333333	98.36425015288076	endopterygota	622.739837398374	422.0	2098	241	2086	.99428026692087702573	42840565	21463940	.50101906919294831895	GCF_907165205.1_icCocSept1.1_cds_from_genomic.fna	GCA_003568925.1_Csep_MD8_v1_genomic.fna
41139	98.92177873563223	99.145	98.90694560669453	98.3019801205514	endopterygota	629.9386973180077	424.0	2098	241	2083	.99285033365109628217	42840565	28929412	.67528082321043151508	GCF_907165205.1_icCocSept1.1_cds_from_genomic.fna	GCA_907165185.1_icCocSept1.1_alternate_haplotype_genomic.fna
42026	98.32402825552832	98.428	98.38080252100839	98.24008019894782	diptera	983.2675061425061	796.0	3268	239	3235	.98990208078335373317	42762517	24566986	.57449812881687951155	GCF_018153845.1_ASM1815384v1_cds_from_genomic.fna	GCA_000236285.2_Dbip_2.0_genomic.fna
42026	98.47734927491487	98.584	98.54210504201683	98.66261603453061	diptera	912.1783400185128	742.0	3268	239	3220	.98531211750305997552	42762517	18784899	.43928422174026846922	GCF_018153845.1_ASM1815384v1_cds_from_genomic.fna	GCA_002222825.1_ASM222282v1_genomic.fna
42026	98.25081591886922	98.333	98.2313430962343	98.16312864946097	diptera	984.438537185003	794.0	3268	239	3233	.98929008567931456548	42762517	25104210	.58706109371438542778	GCF_018153845.1_ASM1815384v1_cds_from_genomic.fna	GCA_021223765.1_ASM2122376v1_genomic.fna
47314	99.90794648932875	100.0	99.91503813559325	98.71942706184893	diptera	998.4110733065264	804.0	3250	236	3213	.98861538461538461538	39032340	26836985	.68755767653181951171	GCF_003285875.2_DnovRS2.1_cds_from_genomic.fna	GCA_019972335.1_D_novamexicana_1.0_genomic.fna
47314	99.85402317676136	100.0	99.85260425531915	99.42132851379931	diptera	995.5108158220024	801.5	3250	236	3216	.98953846153846153846	39032340	22046329	.56482211929902229792	GCF_003285875.2_DnovRS2.1_cds_from_genomic.fna	GCA_900465405.1_ASM90046540v1_genomic.fna
51655	97.96351795580098	98.32900000000001	97.87505462184873	97.83425952859741	lepidoptera	555.42363851618	316.5	5244	245	5044	.96186117467581998474	42427948	9560177	.22532734790756319395	GCF_905116875.1_Haplomerged_assembly_cds_from_genomic.fna	GCA_000325945.1_ASM32594v1_genomic.fna
51655	97.65072884422096	97.96	97.7048427947598	97.15001341034426	lepidoptera	607.3656281407035	322.0	5244	245	4951	.94412662090007627765	42427948	18690147	.44051498790372798609	GCF_905116875.1_Haplomerged_assembly_cds_from_genomic.fna	GCA_000330985.1_DBM_FJ_V1.1_genomic.fna
51655	97.56217770101671	97.854	97.5515714285714	96.56559612229329	lepidoptera	649.8109767798887	350.0	5244	245	5187	.98913043478260869565	42427948	24113152	.56833179865309536063	GCF_905116875.1_Haplomerged_assembly_cds_from_genomic.fna	GCA_019096205.1_PxLV.1_genomic.fna
51655	99.98321354764649	100.0	99.96823673469386	98.29709187297756	lepidoptera	691.2202449292001	360.0	5244	245	5202	.99199084668192219679	42427948	27810608	.65547850676162797220	GCF_905116875.1_Haplomerged_assembly_cds_from_genomic.fna	GCA_902505565.1_Scaffolded_assembly_genomic.fna
51655	99.97494623038662	100.0	99.95916734693876	99.02053261028206	lepidoptera	691.7675086107922	361.0	5244	245	5202	.99199084668192219679	42427948	25268229	.59555623571519414514	GCF_905116875.1_Haplomerged_assembly_cds_from_genomic.fna	GCA_902505575.1_Diploid_assembly_genomic.fna
51655	99.98388088854854	100.0	99.96810655737704	98.9287273977749	lepidoptera	690.8567598621217	360.0	5244	245	5198	.99122807017543859649	42427948	25717975	.60615646554483379681	GCF_905116875.1_Haplomerged_assembly_cds_from_genomic.fna	GCA_902505585.1_Haplomerger_assembly_genomic.fna
63436	99.90696319645599	100.0	99.91728806584362	99.38679522969151	hymenoptera	664.9833020957574	419.0	5895	243	5756	.97642069550466497031	49974963	17805920	.35629681206567376548	GCF_015476425.1_ASM1547642v1_cds_from_genomic.fna	GCA_009025955.1_ASM902595v1_genomic.fna
63436	99.90596644523936	100.0	99.90845454545455	99.38264319259805	hymenoptera	664.4758984840743	419.0	5895	243	5758	.97675996607294317217	49974963	17902898	.35823734376751814703	GCF_015476425.1_ASM1547642v1_cds_from_genomic.fna	GCA_009026005.1_ASM902600v1_genomic.fna
63436	99.9030882453152	100.0	99.92116049382714	99.06309945661388	hymenoptera	662.7732538330494	419.0	5895	243	5757	.97659033078880407124	49974963	21203537	.42428319556734839403	GCF_015476425.1_ASM1547642v1_cds_from_genomic.fna	GCA_009602685.1_ASM960268v1_genomic.fna
63436	99.8165661438802	100.0	99.82724279835394	99.37692771728574	hymenoptera	651.4831230821684	418.5	5895	243	5753	.97591178965224766751	49974963	21568945	.43159501688875687611	GCF_015476425.1_ASM1547642v1_cds_from_genomic.fna	GCA_010016045.1_ASM1001604v1_genomic.fna
64459	99.34222083653093	99.505	99.44330204081628	98.40203642193931	lepidoptera	675.2649654643131	358.0	5230	245	5204	.99502868068833652007	45612422	20065223	.43990698411060039740	GCF_905147795.1_ilPieRapa1.1_cds_from_genomic.fna	GCA_001856805.1_P_rapae_3842_assembly_v2_genomic.fna
64459	99.32000221283432	99.479	99.40837083333335	97.9578316974538	lepidoptera	679.1850734258701	359.0	5230	245	4963	.94894837476099426386	45612422	23882642	.52359951418497355829	GCF_905147795.1_ilPieRapa1.1_cds_from_genomic.fna	GCA_905147735.1_ilPieRapa1.1_alternate_haplotype_genomic.fna
72036	99.8999492753623	100.0	99.92983261802573	99.25993779299631	arthropoda	797.6625258799172	603.0	981	237	966	.98470948012232415902	34670499	19073055	.55012346375516545060	GCF_016086655.3_UVic_Lsal_1.2_cds_from_genomic.fna	GCA_000181255.2_ASM18125v2_genomic.fna
72036	99.69850156739813	99.799	99.66764782608695	98.97249813469911	arthropoda	851.7617554858934	633.0	981	237	957	.97553516819571865443	34670499	19581698	.56479423616025832221	GCF_016086655.3_UVic_Lsal_1.2_cds_from_genomic.fna	GCA_001005205.1_lsal_atl_canada_female_v1_genomic.fna
72036	99.71209176225244	99.814	99.67577489177488	98.9489535052985	arthropoda	849.577685088634	635.0	981	237	959	.97757390417940876656	34670499	19374873	.55882878985964407377	GCF_016086655.3_UVic_Lsal_1.2_cds_from_genomic.fna	GCA_001005235.1_lsal_atl_canada_male_v1_genomic.fna
72036	99.692221752904	99.811	99.73591111111116	97.26736776799943	arthropoda	557.5670538542767	465.0	981	237	947	.96534148827726809378	34670499	24817364	.71580636898245969866	GCF_016086655.3_UVic_Lsal_1.2_cds_from_genomic.fna	GCA_905330665.1_LSAL_IOA00_R2_genomic.fna
72248	99.12193086939864	99.429	99.20846502057616	98.73155272294339	lepidoptera	675.372654155496	354.0	5272	245	5211	.98842943854324734446	38608047	19437990	.50346991133739554347	GCF_905220415.1_ilColCroc2.1_cds_from_genomic.fna	GCA_009982905.1_SU_C_cro_Alba_ref_v1_genomic.fna
72248	99.25376481113314	99.561	99.30141735537195	98.25777449278172	lepidoptera	689.5330019880715	366.0	5272	245	5012	.95068285280728376327	38608047	26959030	.69827489590447297165	GCF_905220415.1_ilColCroc2.1_cds_from_genomic.fna	GCA_905220445.1_ilColCroc2.1_alternate_haplotype_genomic.fna
76193	98.74068384030404	98.873	98.72031428571422	98.37026294261896	lepidoptera	678.854752851711	361.0	5275	246	5248	.99488151658767772511	33445954	20349580	.60843174035340717146	GCF_912999745.1_ilPapMach1.1_cds_from_genomic.fna	GCA_001298355.1_Pap_ma_1.0_genomic.fna
76193	98.66439389131281	98.776	98.65504897959183	98.01541697807552	lepidoptera	682.7147957159857	364.0	5275	246	5029	.95336492890995260663	33445954	24884620	.74402482285301235539	GCF_912999745.1_ilPapMach1.1_cds_from_genomic.fna	GCA_912999765.2_ilPapMach1.2_alternate_haplotype_genomic.fna
77166	99.7322690086621	100.0	99.69108713692941	99.59851474948275	endopterygota	492.6361886429259	321.0	2092	242	2072	.99043977055449330783	36172552	18361296	.50760300240911948927	GCF_000355655.1_DendPond_male_1.0_cds_from_genomic.fna	GCA_000346045.2_DendPond_female_1.0_genomic.fna
77166	99.73189850889842	100.0	99.6932190082644	99.52600994509416	endopterygota	494.4098124098124	322.0	2092	242	2073	.99091778202676864244	36172552	19569488	.54100379757557608874	GCF_000355655.1_DendPond_male_1.0_cds_from_genomic.fna	GCA_020466585.1_Dpon_F_20191213_genomic.fna
77166	99.9838125901009	100.0	99.96970124481327	99.76837189534932	endopterygota	498.426717924075	323.0	2092	242	2075	.99187380497131931166	36172552	21557725	.59596914809881260243	GCF_000355655.1_DendPond_male_1.0_cds_from_genomic.fna	GCA_020466635.1_Dpon_M_20191212_genomic.fna
80765	99.76594745351656	100.0	99.77758577405858	99.35252534281896	hemiptera	478.9761519805982	300.0	2481	241	2460	.99153567110036275695	30654859	19203090	.62642891294981979855	GCF_004010815.1_ASM401081v1_cds_from_genomic.fna	GCA_020184165.1_ASM2018416v1_genomic.fna
80765	99.80766653127529	100.0	99.80787866108791	99.39598293075028	hemiptera	480.7152721364744	300.0	2481	241	2448	.98669891172914147521	30654859	18816189	.61380771642107373581	GCF_004010815.1_ASM401081v1_cds_from_genomic.fna	GCA_020184175.1_ASM2018417v1_genomic.fna
108931	99.1633422022103	99.529	99.27724255319148	97.25620672403828	hemiptera	463.5264019647974	276.0	2481	241	2434	.98105602579604997984	52548995	27068299	.51510593114102372462	GCF_014356525.1_ASM1435652v1_cds_from_genomic.fna	GCA_000757685.1_NilLug1.0_genomic.fna
108931	99.38035421785422	99.66	99.45321008403356	92.72519613338785	hemiptera	481.03276003276005	282.0	2481	241	2433	.98065296251511487303	52548995	59613538	1.13443726183535955349	GCF_014356525.1_ASM1435652v1_cds_from_genomic.fna	GCA_015708395.1_ASM1570839v1_genomic.fna
113334	99.19962174667407	99.363	99.22304508196721	98.81615263735604	lepidoptera	615.4592249855408	339.0	5243	245	5162	.98455082967766545870	23603379	15676285	.66415427214891562771	GCF_905220565.1_ilMelCinx1.1_cds_from_genomic.fna	GCA_000716385.1_MelCinx1.0_genomic.fna
113334	99.31332792070845	99.5	99.34652678571433	98.64200944209291	lepidoptera	689.9013074652046	363.0	5243	245	4719	.90005721914934197978	23603379	21499534	.91086678733583017922	GCF_905220565.1_ilMelCinx1.1_cds_from_genomic.fna	GCA_905220555.1_ilMelCinx1.1_alternate_haplotype_genomic.fna
115357	99.17699421686731	99.414	99.2603235294118	98.18187190088041	endopterygota	633.4703614457832	424.0	2083	238	2069	.99327892462794047047	49129352	25298835	.51494338862845168403	GCF_914767665.1_icHarAxyr1.1_cds_from_genomic.fna	GCA_003402655.1_Haxy_hC_F2.3_v1_genomic.fna
115357	99.17313047664885	99.424	99.2846554621849	98.58336501663294	endopterygota	631.3986519017814	423.0	2083	238	2071	.99423907825252040326	49129352	21444014	.43648070098705962985	GCF_914767665.1_icHarAxyr1.1_cds_from_genomic.fna	GCA_003865275.1_Haxy_hA_F2_v1_genomic.fna
115357	99.18893056894872	99.4505	99.27356118143463	98.58106047150011	endopterygota	632.8881388621022	426.0	2083	238	2068	.99279884781565050408	49129352	21364578	.43486382641480799502	GCF_914767665.1_icHarAxyr1.1_cds_from_genomic.fna	GCA_003865295.1_Haxy_hC_NT6_v1_genomic.fna
115357	99.19969512783386	99.468	99.325256302521	98.64276208996209	endopterygota	628.7583212735167	424.0	2083	238	2067	.99231877100336053768	49129352	21248217	.43249536448190890040	GCF_914767665.1_icHarAxyr1.1_cds_from_genomic.fna	GCA_003865315.1_Haxy_h_NT8_v1_genomic.fna
115357	98.73607291666666	99.038	98.50433333333334	97.99254079628692	endopterygota	585.1458333333334	427.0	2083	238	95	.04560729716754680748	49129352	908020	.01848223033757905050	GCF_914767665.1_icHarAxyr1.1_cds_from_genomic.fna	GCA_009805905.1_ASM980590v1_genomic.fna
115357	99.294963205645	99.5505	99.39784210526314	98.26749929992819	endopterygota	619.8613911290323	422.5	2083	238	1978	.94959193470955352856	49129352	25527809	.51960402408727068087	GCF_914767665.1_icHarAxyr1.1_cds_from_genomic.fna	GCA_011033045.1_ASM1103304v1_genomic.fna
115357	99.18323818995508	99.419	99.28847008547011	98.1242039518888	endopterygota	630.9298856290403	425.0	2083	238	2005	.96255400864138262121	49129352	29301139	.59640800880093024634	GCF_914767665.1_icHarAxyr1.1_cds_from_genomic.fna	GCA_914767675.1_icHarAxyr1.1_alternate_haplotype_genomic.fna
116150	99.87521382330539	100.0	99.82710612244897	99.5308774157655	lepidoptera	705.6214775323687	362.5	5270	245	5225	.99146110056925996204	42717594	13236259	.30985497451003443686	GCF_905163445.1_ilParAegt1.1_cds_from_genomic.fna	GCA_018249815.1_SRR7637640_genomic.fna
116150	99.8797518582047	100.0	99.81749795918365	99.71788373173798	lepidoptera	696.6832475700401	354.0	5270	245	5220	.99051233396584440227	42717594	16680311	.39047871001348999196	GCF_905163445.1_ilParAegt1.1_cds_from_genomic.fna	GCA_900499025.1_Paegeria_k64b2000_dplexOGS2_genomic.fna
116150	99.83554535495185	100.0	99.83405405405409	99.3063305899957	lepidoptera	704.6472392638037	360.0	5270	245	4540	.86148007590132827324	42717594	21343699	.49964656249132383251	GCF_905163445.1_ilParAegt1.1_cds_from_genomic.fna	GCA_905163545.1_ilParAegt1.1_alternate_haplotype_genomic.fna
125945	99.98979428044282	100.0	99.99398739495798	99.608237161446	diptera	1018.139913899139	809.0	3269	238	3228	.98745793820740287549	53344101	25651153	.48086203571037779791	GCF_018148935.1_ASM1814893v1_cds_from_genomic.fna	GCA_000233415.2_Dbia_2.0_genomic.fna
125945	99.52129485995702	99.687	99.52648739495801	99.40952285889279	diptera	947.5050784856879	765.0	3269	238	3225	.98654022636892015907	53344101	21173177	.39691693370181643889	GCF_018148935.1_ASM1814893v1_cds_from_genomic.fna	GCA_002222855.1_ASM222285v1_genomic.fna
125945	99.48577644526443	99.6065	99.49528151260512	98.78114360965617	diptera	982.0571955719557	780.0	3269	238	3228	.98745793820740287549	53344101	28537136	.53496329425441062358	GCF_018148935.1_ASM1814893v1_cds_from_genomic.fna	GCA_005234255.1_D.biarmipes_genomic.fna
133434	99.47894646680933	99.5825	99.50495416666666	98.88738607178384	metazoa	305.3522483940043	221.0	949	246	933	.98314014752370916754	69523464	30933798	.44494040170380463205	GCF_001949145.1_OKI-Apl_1.0_cds_from_genomic.fna	GCA_001949165.1_GBR-Apl_1.0_genomic.fna
133434	98.88107395498389	99.036	98.88029338842979	98.16913530645293	metazoa	300.8306538049303	220.0	949	246	932	.98208640674394099051	69523464	32185022	.46293754868140632348	GCF_001949145.1_OKI-Apl_1.0_cds_from_genomic.fna	GCA_019972235.1_PKT-COTS_1.0_genomic.fna
133434	98.79088279569883	98.92	98.8999045643154	98.11159765877782	metazoa	300.6666666666667	220.0	949	246	929	.97892518440463645943	69523464	30984587	.44567093204676913106	GCF_001949145.1_OKI-Apl_1.0_cds_from_genomic.fna	GCA_019972275.1_ISR-COTS_1.0_genomic.fna
139649	99.62926988352746	99.809	99.60015837104072	98.77473571521412	diptera	781.9880199667222	632.0	3254	242	2977	.91487400122925629993	57919442	20073883	.34658281065622144633	GCF_002237135.1_ASM223713v2_cds_from_genomic.fna	GCA_001017525.1_ASM101752v1_genomic.fna
139649	97.23113651983752	97.294	97.02477405857742	96.3139950973647	diptera	807.7282099343955	652.0	3254	242	3171	.97449293177627535341	57919442	25039692	.43231928926387101588	GCF_002237135.1_ASM223713v2_cds_from_genomic.fna	GCA_014706505.1_AMNH_Teleopsis_dalmanni_sp2_genomic.fna
158441	99.97320845921448	100.0	99.9793686440678	98.88910083063831	arthropoda	416.96978851963746	342.0	995	236	992	.99698492462311557788	63293571	41898391	.66196914375395251438	GCF_002217175.1_ASM221717v1_cds_from_genomic.fna	GCA_020920555.1_ASM2092055v1_genomic.fna
158441	92.54754487179495	92.7465	92.54710572687227	92.54339702045851	arthropoda	337.8856837606838	292.0	995	236	935	.93969849246231155778	63293571	13750441	.21724862071694453770	GCF_002217175.1_ASM221717v1_cds_from_genomic.fna	GCA_020923455.1_ASM2092345v1_genomic.fna
191418	99.25101679328283	99.4205	99.21870562770565	98.45274667689392	lepidoptera	653.8836465413834	345.0	5271	245	4977	.94422310756972111553	55121071	22225616	.40321451664101374227	GCF_905333055.1_ilManJurt1.1_cds_from_genomic.fna	GCA_009667785.1_Mjurtina_v1_genomic.fna
191418	99.1262213099103	99.263	99.08407407407407	98.65855977216366	lepidoptera	635.6482719113997	345.0	5271	245	5212	.98880667804970593815	55121071	10355177	.18786240564883073480	GCF_905333055.1_ilManJurt1.1_cds_from_genomic.fna	GCA_018239145.1_SRR9707499_genomic.fna
191418	99.0588345134535	99.206	99.03236286919832	97.58382041054453	lepidoptera	688.4359700586688	360.0	5271	245	4920	.93340922026180990324	55121071	29986839	.54401771329878550436	GCF_905333055.1_ilManJurt1.1_cds_from_genomic.fna	GCA_905333105.1_ilManJurt1.1_alternate_haplotype_genomic.fna
210409	99.79359657947691	100.0	99.84850420168064	99.2209592264748	arthropoda	411.76559356136823	237.0	998	240	993	.99498997995991983967	78718057	18854177	.23951527411302847579	GCF_017591435.1_ASM1759143v1_cds_from_genomic.fna	GCA_008373055.1_ASM837305v1_genomic.fna
210409	99.79291875000008	100.0	99.80956223175963	98.37703320531294	arthropoda	410.32708333333335	238.0	998	240	959	.96092184368737474949	78718057	35586029	.45206945339110694767	GCF_017591435.1_ASM1759143v1_cds_from_genomic.fna	GCA_020740555.1_ASM2074055v1_genomic.fna
307658	99.93612542030958	100.0	99.95030864197531	99.53290859138893	hymenoptera	684.7985877605918	418.0	5986	244	5907	.98680253925826929502	60322059	21107560	.34991444837783139995	GCF_013373865.1_ASM1337386v2_cds_from_genomic.fna	GCA_000980195.3_M.pharaonis_V2.0_genomic.fna
307658	99.93604453781535	100.0	99.95030864197531	99.46938886311229	hymenoptera	684.3712605042017	418.0	5986	244	5909	.98713665218843969261	60322059	21380507	.35443927734628554373	GCF_013373865.1_ASM1337386v2_cds_from_genomic.fna	GCA_003260585.2_ASM326058v2_genomic.fna
307658	99.93421534320348	100.0	99.94841803278686	99.44290780833482	hymenoptera	621.7669919246299	398.0	5986	244	5903	.98613431339792849983	60322059	16806153	.27860708468190716102	GCF_013373865.1_ASM1337386v2_cds_from_genomic.fna	GCA_003575265.1_Mp_gnA_genomic.fna
343691	99.08811909971864	99.389	98.90686016949151	98.92782389899942	diptera	693.4932791497343	525.0	3261	244	3171	.97240110395584176632	51779013	14197172	.27418776792829171927	GCF_905115235.1_iHerIll2.2.curated.20191125_cds_from_genomic.fna	GCA_001014895.1_ASM101489v1_genomic.fna
343691	99.13564213119822	99.438	98.93532098765438	98.66164340238522	diptera	824.3717277486911	594.0	3261	244	3223	.98834713278135541245	51779013	26403423	.50992518918813690017	GCF_905115235.1_iHerIll2.2.curated.20191125_cds_from_genomic.fna	GCA_009835165.1_ASM983516v1_genomic.fna
1437190	99.85996255692353	100.0	99.8902345679012	99.63880504419022	hymenoptera	676.08719851577	413.0	5965	243	5881	.98591785414920368818	52115150	21973715	.42163775792643789761	GCF_907164935.1_iOsmBic2.1_cds_from_genomic.fna	GCA_004153925.1_Obicornis_v3_genomic.fna
1437190	99.9564554702838	100.0	99.97148051948052	99.6577969989929	hymenoptera	652.9810815634481	402.0	5965	243	5556	.93143336127409891031	52115150	20859487	.40025764101225843156	GCF_907164935.1_iOsmBic2.1_cds_from_genomic.fna	GCA_907164925.1_iOsmBic2.1_alternate_haplotype_genomic.fna
1518534	99.25272442653419	99.35249999999999	99.18303319502077	99.04301126334668	diptera	973.5393676379417	780.0	3268	243	3205	.98072215422276621787	54997310	21716736	.39486905814120726995	GCF_016920705.1_AcolMOP1_cds_from_genomic.fna	GCA_000150765.1_m5_genomic.fna
1518534	99.19253794162815	99.31	99.13620661157026	98.74626002350833	diptera	1091.7797235023043	840.0	3268	243	3233	.98929008567931456548	54997310	27037189	.49160929870933687483	GCF_016920705.1_AcolMOP1_cds_from_genomic.fna	GCA_004136515.2_ASM413651v2_genomic.fna
1518534	99.30795867251042	99.424	99.24361506276152	98.77473464833012	diptera	1044.4430181590483	815.5	3268	243	3173	.97093023255813953488	54997310	26727108	.48597118659076234819	GCF_016920705.1_AcolMOP1_cds_from_genomic.fna	GCA_016097095.1_LBV136_genomic.fna
1518534	99.31360676267974	99.429	99.26600840336135	98.68711210132103	diptera	1043.4342517219786	810.5	3268	243	3173	.97093023255813953488	54997310	26649655	.48456288134819684817	GCF_016920705.1_AcolMOP1_cds_from_genomic.fna	GCA_016097175.1_DLA146_genomic.fna
1518534	99.16332814445829	99.2685	99.10145188284528	98.62823455866821	diptera	1007.898194271482	796.0	3268	243	3191	.97643818849449204406	54997310	26930287	.48966553091414834652	GCF_016920705.1_AcolMOP1_cds_from_genomic.fna	GCA_016097185.1_LBV11_genomic.fna
1518534	99.30718765743059	99.425	99.2659117647059	98.751104400239	diptera	1031.2534634760705	808.0	3268	243	3155	.96542227662178702570	54997310	26939534	.48983366641022988215	GCF_016920705.1_AcolMOP1_cds_from_genomic.fna	GCA_016097195.1_LBV88_genomic.fna
1518534	99.29261056936137	99.398	99.22918723404253	98.73865143400602	diptera	897.6605850896508	727.0	3268	243	3157	.96603427172582619339	54997310	25521442	.46404891439235846262	GCF_016920705.1_AcolMOP1_cds_from_genomic.fna	GCA_016097205.1_DLA155B_genomic.fna
1518534	99.31365944272424	99.428	99.24431950207475	98.78942143277213	diptera	1046.2021671826626	818.0	3268	243	3208	.98164014687882496940	54997310	27779918	.50511412285437233202	GCF_016920705.1_AcolMOP1_cds_from_genomic.fna	GCA_016097225.1_DLA112_genomic.fna
1518534	99.1490917770248	99.262	99.08630578512398	98.6854495443516	diptera	1082.7958115183246	838.0	3268	243	3226	.98714810281517747858	54997310	27423114	.49862646009413914971	GCF_016920705.1_AcolMOP1_cds_from_genomic.fna	GCA_016508615.1_AcolN2_genomic.fna
