4781	99.96047	100.0	99.96826748971195	99.71682759010736	stramenopiles	1265.09	1010.5	100	244	100	1.00000000000000000000	17676737	16815493	.95127811201807211364	GCF_900000015.1_Plasmopara_halstedii_genome_cds_from_genomic.fna	GCA_003640465.1_ASM364046v1_genomic.fna
4781	99.34261999999997	99.43549999999999	99.45980165289252	99.00425505727553	stramenopiles	1187.07	950.0	100	244	100	1.00000000000000000000	17676737	15091707	.85376090621249838134	GCF_900000015.1_Plasmopara_halstedii_genome_cds_from_genomic.fna	GCA_003640505.1_ASM364050v1_genomic.fna
4781	99.98819999999999	100.0	99.99275313807533	99.29665700747238	stramenopiles	1251.93	1010.5	100	244	100	1.00000000000000000000	17676737	16824022	.95176061056969960010	GCF_900000015.1_Plasmopara_halstedii_genome_cds_from_genomic.fna	GCA_003724065.1_Plhal710r1_genomic.fna
4781	99.96047	100.0	99.96966255144032	99.53533165846001	stramenopiles	1262.31	1010.5	100	244	100	1.00000000000000000000	17676737	18473237	1.04505922105420248092	GCF_900000015.1_Plasmopara_halstedii_genome_cds_from_genomic.fna	GCA_004380875.1_ASM438087v1_genomic.fna
4787	99.76299000000003	99.92699999999999	99.77903305785124	99.35094027192844	stramenopiles	1245.79	1020.5	100	243	100	1.00000000000000000000	22485863	20543401	.91361407832112114175	GCF_000142945.1_ASM14294v1_cds_from_genomic.fna	GCA_001661535.1_ASM166153v1_genomic.fna
4787	99.77834000000001	99.89750000000001	99.77731250000001	98.52872080743619	stramenopiles	1162.39	1008.5	100	243	100	1.00000000000000000000	22485863	25057023	1.11434562240284039798	GCF_000142945.1_ASM14294v1_cds_from_genomic.fna	GCA_011316315.1_UAnd_PInf_RC1-10.1_genomic.fna
4787	99.78730000000002	99.92750000000001	99.77826446280991	98.48380217449025	stramenopiles	1219.12	1016.5	100	243	100	1.00000000000000000000	22485863	25352462	1.12748449992779907980	GCF_000142945.1_ASM14294v1_cds_from_genomic.fna	GCA_012295175.1_ASM1229517v1_genomic.fna
4787	99.77623000000001	99.908	99.78021074380163	98.5680355111225	stramenopiles	1247.4	1020.5	100	243	100	1.00000000000000000000	22485863	25226072	1.12186363494254145371	GCF_000142945.1_ASM14294v1_cds_from_genomic.fna	GCA_012552325.1_ASM1255232v1_genomic.fna
4792	99.79979000000004	99.86	99.7901228813559	99.36334388732001	stramenopiles	1308.2	1218.0	100	246	100	1.00000000000000000000	35403896	25987077	.73401743695100674795	GCF_000247585.1_PP_INRA-310_V2_cds_from_genomic.fna	GCA_000509465.1_Phyt_para_CJ02B3_V1_genomic.fna
4792	99.80623000000003	99.8495	99.79275847457625	99.3652491816224	stramenopiles	1305.05	1218.0	100	246	100	1.00000000000000000000	35403896	25814269	.72913639222078835617	GCF_000247585.1_PP_INRA-310_V2_cds_from_genomic.fna	GCA_000509485.1_Phyt_para_CJ05E6_V1_genomic.fna
4792	99.79996000000003	99.8605	99.79153813559319	99.36111204128731	stramenopiles	1306.74	1137.0	100	246	100	1.00000000000000000000	35403896	25915393	.73199268803636752294	GCF_000247585.1_PP_INRA-310_V2_cds_from_genomic.fna	GCA_000509505.1_Phyt_para_CHvinca01_V1_genomic.fna
4792	99.78813	99.8315	99.79623728813557	99.3457941875782	stramenopiles	1305.82	1218.0	100	246	100	1.00000000000000000000	35403896	25901579	.73160250498984631521	GCF_000247585.1_PP_INRA-310_V2_cds_from_genomic.fna	GCA_000509525.1_Phyt_para_IAC_01_95_V1_genomic.fna
4792	99.80733000000004	99.8495	99.79726359832638	99.40001527174844	stramenopiles	1299.64	1148.0	100	246	100	1.00000000000000000000	35403896	27471773	.77595338659903418539	GCF_000247585.1_PP_INRA-310_V2_cds_from_genomic.fna	GCA_000365545.1_Phyt_para_CJ01A1_V1_genomic.fna
4792	99.78086000000003	99.8485	99.78391063829784	99.38626215759992	stramenopiles	1311.24	1218.0	100	246	100	1.00000000000000000000	35403896	27345728	.77239318520199019904	GCF_000247585.1_PP_INRA-310_V2_cds_from_genomic.fna	GCA_000367145.1_Phyt_para_P10297_V1_genomic.fna
4792	99.77364999999998	99.8075	99.80826160337553	99.36327307756765	stramenopiles	1304.57	1218.0	100	246	100	1.00000000000000000000	35403896	27598430	.77953087422920912432	GCF_000247585.1_PP_INRA-310_V2_cds_from_genomic.fna	GCA_000365505.1_Phyt_para_P1569_V1_genomic.fna
4792	99.82538000000001	99.86500000000001	99.79717446808512	99.38755607467851	stramenopiles	1306.16	1137.0	100	246	100	1.00000000000000000000	35403896	27483890	.77629563706773966345	GCF_000247585.1_PP_INRA-310_V2_cds_from_genomic.fna	GCA_000365525.1_Phyt_para_P1976_V1_genomic.fna
5660	99.82133858267716	99.866	99.82900000000004	99.14635742155733	euglenozoa	2166.5748031496064	1974.0	128	172	127	.99218750000000000000	15610351	14652753	.93865621599411826165	GCF_000002845.2_ASM284v2_cds_from_genomic.fna	GCA_003304975.1_IOC-L_3564_genomic.fna
5660	99.9868203125	100.0	99.98573099415205	97.24452702797126	euglenozoa	2428.0625	2085.0	128	172	128	1.00000000000000000000	15610351	20487386	1.31242314794843498394	GCF_000002845.2_ASM284v2_cds_from_genomic.fna	GCA_900537975.1_LBRM_genome_annotation_genomic.fna
5660	99.81941406250003	99.86	99.8201220930233	96.51069680800121	euglenozoa	2377.6171875	2074.5	128	172	128	1.00000000000000000000	15610351	17847509	1.14331247260231368276	GCF_000002845.2_ASM284v2_cds_from_genomic.fna	GCA_000340355.2_Leishmania_braziliensis_M2903-1.0.6_genomic.fna
5661	99.999265625	100.0	99.99840361445783	99.72145876683824	euglenozoa	2503.1953125	2083.5	128	166	128	1.00000000000000000000	14783792	14913310	1.00876081048759344016	GCF_000227135.1_ASM22713v2_cds_from_genomic.fna	GCA_000470725.1_BHU1220_genomic.fna
5661	99.99933070866142	100.0	99.99738787878788	99.86153040329644	euglenozoa	2511.417322834646	2088.0	128	166	127	.99218750000000000000	14783792	14311689	.96806617679685969607	GCF_000227135.1_ASM22713v2_cds_from_genomic.fna	GCA_001989955.1_ASM198995v1_genomic.fna
5661	99.99599212598427	100.0	99.99101829268294	99.86067488424486	euglenozoa	2501.6141732283463	2088.0	128	166	127	.99218750000000000000	14783792	14312133	.96809620968693282481	GCF_000227135.1_ASM22713v2_cds_from_genomic.fna	GCA_001989975.1_ASM198997v1_genomic.fna
5661	99.77643750000003	99.814	99.79200602409644	99.41093593613093	euglenozoa	2430.9609375	2065.5	128	166	128	1.00000000000000000000	14783792	15261420	1.03230754328794669189	GCF_000227135.1_ASM22713v2_cds_from_genomic.fna	GCA_002243465.1_ASM224346v1_genomic.fna
5661	99.94303906249999	99.957	99.93967469879519	99.5993487744084	euglenozoa	2497.171875	2083.5	128	166	128	1.00000000000000000000	14783792	15271834	1.03301196337177904018	GCF_000227135.1_ASM22713v2_cds_from_genomic.fna	GCA_003719575.1_ASM371957v1_genomic.fna
5661	99.78487500000003	99.813	99.79051807228919	99.46146557256797	euglenozoa	2363.1484375	2065.5	128	166	128	1.00000000000000000000	14783792	15219742	1.02948837483644250406	GCF_000227135.1_ASM22713v2_cds_from_genomic.fna	GCA_003730175.1_ASM373017v1_genomic.fna
5661	99.99944881889763	100.0	99.99859393939394	99.64964708364087	euglenozoa	2509.3464566929133	2088.0	128	166	127	.99218750000000000000	14783792	15203234	1.02837174657219203300	GCF_000227135.1_ASM22713v2_cds_from_genomic.fna	GCA_003730215.1_ASM373021v1_genomic.fna
5661	99.77625781249998	99.811	99.79192771084341	99.38507301401863	euglenozoa	2441.328125	2074.5	128	166	128	1.00000000000000000000	14783792	15284531	1.03387080932956848959	GCF_000227135.1_ASM22713v2_cds_from_genomic.fna	GCA_900635355.2_LDHU3_new_genomic.fna
5661	83.1271304347826	82.542	83.81325	84.740313559322	euglenozoa	1258.304347826087	1294.0	128	166	23	.17968750000000000000	14783792	761571	.05151391469793406184	GCF_000227135.1_ASM22713v2_cds_from_genomic.fna	GCA_000283395.1_ASM28339v1_genomic.fna
5661	82.858375	82.5385	83.87789130434784	84.68650665188471	euglenozoa	1116.8333333333333	982.0	128	166	24	.18750000000000000000	14783792	613521	.04149956925800904125	GCF_000227135.1_ASM22713v2_cds_from_genomic.fna	GCA_000316305.1_ld39_assembly_genomic.fna
5664	99.994125	100.0	99.99495209580837	94.07202111946911	euglenozoa	2430.4453125	2056.5	129	169	128	.99224806201550387596	15742426	26596438	1.68947518000084612117	GCF_000002725.2_ASM272v2_cds_from_genomic.fna	GCA_020783415.1_ASM2078341v1_genomic.fna
5664	99.99972868217054	100.0	99.99944378698227	96.40846387746879	euglenozoa	2485.6976744186045	2076.0	129	169	129	1.00000000000000000000	15742426	20192449	1.28267707912363697945	GCF_000002725.2_ASM272v2_cds_from_genomic.fna	GCA_916722125.1_LMJFC_annotationDEFINITIVO_genomic.fna
5664	99.85600000000002	99.866	99.87521893491126	98.21861169775553	euglenozoa	2447.263565891473	2058.0	129	169	129	1.00000000000000000000	15742426	15872908	1.00828855730368368890	GCF_000002725.2_ASM272v2_cds_from_genomic.fna	GCA_000331345.1_Leishmania_major_LV39c5-1.0.1_genomic.fna
5664	99.9181496062992	99.941	99.90802958579881	98.19620195139882	euglenozoa	2421.1889763779527	2055.0	129	169	127	.98449612403100775193	15742426	15892230	1.00951594118975055051	GCF_000002725.2_ASM272v2_cds_from_genomic.fna	GCA_000250755.2_Leishmania_major_SD_75.1-1.1.1_genomic.fna
5671	99.99610852713178	100.0	99.99347337278107	97.58556653320666	euglenozoa	1210.0232558139535	1045.0	129	169	129	1.00000000000000000000	15613994	55486347	3.55362932764032059958	GCF_000002875.2_ASM287v2_cds_from_genomic.fna	GCA_003020905.1_ASM302090v1_genomic.fna
5671	99.99921705426357	100.0	99.99908875739646	99.06159374097254	euglenozoa	2508.2093023255816	2079.0	129	169	129	1.00000000000000000000	15613994	15447123	.98931272805663944792	GCF_000002875.2_ASM287v2_cds_from_genomic.fna	GCA_003671315.1_HUUFS14_genomic.fna
5671	99.99880952380953	100.0	99.9977530120482	97.87699760611203	euglenozoa	2478.8809523809523	2079.0	129	169	126	.97674418604651162790	15613994	18214499	1.16654963489802801256	GCF_000002875.2_ASM287v2_cds_from_genomic.fna	GCA_020705095.1_ASM2070509v1_genomic.fna
5671	99.99745736434109	100.0	100.0	97.59188020707757	euglenozoa	2510.6589147286822	2079.0	129	169	129	1.00000000000000000000	15613994	22127693	1.41717058428484089336	GCF_000002875.2_ASM287v2_cds_from_genomic.fna	GCA_900500625.2_LINF_genomic.fna
5691	99.60290551181102	99.592	99.5476888888889	95.48775128981869	euglenozoa	2294.1732283464567	1875.0	127	180	127	1.00000000000000000000	13230003	35807963	2.70657255330932275676	GCF_000002445.2_ASM244v1_cds_from_genomic.fna	GCA_019096175.1_IZB_EATRO1125_Draft_genome_1.0_genomic.fna
5691	99.567	99.586	99.5238555555556	96.43792832804291	euglenozoa	2193.6456692913384	1761.0	127	180	127	1.00000000000000000000	13230003	18234143	1.37824178875847571614	GCF_000002445.2_ASM244v1_cds_from_genomic.fna	GCA_900497135.1_HGAP3_Tb427v9_genomic.fna
5691	99.57218333333336	99.6	99.49679190751446	97.35562843194933	euglenozoa	2223.133333333333	1834.5	127	180	120	.94488188976377952755	13230003	16096255	1.21664787226427688640	GCF_000002445.2_ASM244v1_cds_from_genomic.fna	GCA_003543875.1_ASM354387v1_genomic.fna
5691	99.5284015748032	99.566	99.49108888888887	95.30918717330125	euglenozoa	2296.2913385826773	1842.0	127	180	127	1.00000000000000000000	13230003	24870605	1.87986389723418807992	GCF_000002445.2_ASM244v1_cds_from_genomic.fna	GCA_000210295.1_ASM21029v1_genomic.fna
5755	99.84700473933648	100.0	99.84700473933648	99.44501162311805	eukaryota	455.09004739336496	284.0	215	215	209	.97209302325581395348	19741581	18038594	.91373603765574803760	GCF_000313135.1_Acastellanii.strNEFF_v1_cds_from_genomic.fna	GCA_000193105.1_Acas_2.0_genomic.fna
5755	97.98262085308055	98.141	97.98262085308055	96.40684484657919	eukaryota	377.9431279620853	244.0	215	215	209	.97209302325581395348	19741581	8491699	.43014280365893694127	GCF_000313135.1_Acastellanii.strNEFF_v1_cds_from_genomic.fna	GCA_000826485.1_Acanthamoeba_castellanii_genomic.fna
5755	97.77874285714284	97.991	97.77874285714284	96.3511948878309	eukaryota	377.0809523809524	251.0	215	215	208	.96744186046511627906	19741581	13290383	.67321776305555264292	GCF_000313135.1_Acastellanii.strNEFF_v1_cds_from_genomic.fna	GCA_021020595.1_ASM2102059v1_genomic.fna
5755	99.78546889952155	100.0	99.78546889952155	99.29870750254993	eukaryota	458.9617224880383	285.0	215	215	207	.96279069767441860465	19741581	18069515	.91530232558375137229	GCF_000313135.1_Acastellanii.strNEFF_v1_cds_from_genomic.fna	GCA_021020605.1_ASM2102060v1_genomic.fna
5755	98.43044285714289	98.5215	98.43044285714289	97.8472187483949	eukaryota	418.1380952380952	267.5	215	215	208	.96744186046511627906	19741581	13101694	.66365981529037618618	GCF_000313135.1_Acastellanii.strNEFF_v1_cds_from_genomic.fna	GCA_903821525.1_PRJEB38202_genomic.fna
5763	99.94998654708517	100.0	99.94998654708517	99.73711144136504	eukaryota	1386.354260089686	1191.0	225	225	221	.98222222222222222222	22052644	20799310	.94316627067484515688	GCF_008403515.1_ASM840351v1_cds_from_genomic.fna	GCA_000499105.1_Naegleria_fowleri_1.0_genomic.fna
5763	99.98147321428573	100.0	99.98147321428573	99.70053070276956	eukaryota	1432.5892857142858	1229.0	225	225	222	.98666666666666666666	22052644	21746171	.98610266415219871141	GCF_008403515.1_ASM840351v1_cds_from_genomic.fna	GCA_014843625.1_ASM1484362v1_genomic.fna
5763	99.95434222222222	100.0	99.95434222222222	99.81393917525766	eukaryota	1414.0266666666666	1217.0	225	225	223	.99111111111111111111	22052644	20672726	.93742618798906834028	GCF_008403515.1_ASM840351v1_cds_from_genomic.fna	GCA_020891285.1_Nfowleri_kurume_1.0_genomic.fna
5763	99.9598222222222	100.0	99.9598222222222	99.78573354640172	eukaryota	1440.5244444444445	1203.0	225	225	223	.99111111111111111111	22052644	21333022	.96736799451349235039	GCF_008403515.1_ASM840351v1_cds_from_genomic.fna	GCA_902703645.1_NF_genomic.fna
5821	99.97182019363756	100.0	99.97967261904762	98.1375687257017	plasmodium	1755.6174273858921	1157.0	3632	170	3615	.99531938325991189427	10266546	10827782	1.05466648666455105738	GCF_900002375.2_GCA_900002375_cds_from_genomic.fna	GCA_900044335.1_PbK173_genomic.fna
5821	99.97773541609068	100.0	99.98383928571428	99.23652838613641	plasmodium	1740.5252972076307	1155.0	3632	170	3615	.99531938325991189427	10266546	10025135	.97648566518866228232	GCF_900002375.2_GCA_900002375_cds_from_genomic.fna	GCA_900088445.1_PbNK65E_genomic.fna
5821	99.97789798175276	100.0	99.9850119047619	99.08392268801337	plasmodium	1746.2128836051977	1155.0	3632	170	3615	.99531938325991189427	10266546	10054903	.97938517978685333899	GCF_900002375.2_GCA_900002375_cds_from_genomic.fna	GCA_900095545.1_PBNK65NY_genomic.fna
5821	99.96909482996956	100.0	99.97195238095239	98.98766361296948	plasmodium	1719.8722698368813	1140.0	3632	170	3615	.99531938325991189427	10266546	10041259	.97805620312810170041	GCF_900002375.2_GCA_900002375_cds_from_genomic.fna	GCA_900095585.1_PbSP11RLL_genomic.fna
5821	99.9781274536909	100.0	99.98345238095239	99.00999362058147	plasmodium	1743.6842687309925	1155.0	3632	170	3615	.99531938325991189427	10266546	10079574	.98178822751098568106	GCF_900002375.2_GCA_900002375_cds_from_genomic.fna	GCA_900095635.1_PbSP11A_genomic.fna
5825	98.8604624341555	98.933	99.02044117647056	97.5822034082674	plasmodium	1519.369559190463	1092.0	3638	172	3606	.99120395821880153930	10444545	10100518	.96706156180092095921	GCF_900002335.2_PCHAS01_cds_from_genomic.fna	GCA_900095565.1_PchDK_genomic.fna
5825	98.9574309055662	99.032	99.06648823529407	97.73075748721668	plasmodium	1544.6945444475214	1092.0	3638	172	3610	.99230346344145134689	10444545	10151833	.97197465279722572883	GCF_900002335.2_PCHAS01_cds_from_genomic.fna	GCA_900095625.1_PchDS_genomic.fna
5825	99.35566556016587	99.412	99.44141764705887	98.24275401120317	plasmodium	1621.4334716459198	1111.0	3638	172	3615	.99367784496976360637	10444545	10164651	.97320189630089199673	GCF_900002335.2_PCHAS01_cds_from_genomic.fna	GCA_900095555.1_PchAJ_genomic.fna
5825	99.35342162012718	99.415	99.43562352941174	98.05545022771624	plasmodium	1628.4456732098424	1110.0	3638	172	3617	.99422759758108851017	10444545	10270185	.98330611816981974801	GCF_900002335.2_PCHAS01_cds_from_genomic.fna	GCA_900095605.1_PchCB_genomic.fna
5850	99.99404694835677	100.0	99.99832544378697	97.20977906195421	plasmodium	1789.2659486329744	1176.0	3638	171	3620	.99505222649807586586	11668781	12608432	1.08052692050694926916	GCF_000006355.2_GCA_000006355.2_cds_from_genomic.fna	GCA_002140095.1_PKNOHv1_genomic.fna
5850	99.99294194083492	100.0	99.99502380952379	97.29541554169809	plasmodium	1769.5181089300524	1170.0	3638	171	3616	.99395272127542605827	11668781	12542616	1.07488657127081226393	GCF_000006355.2_GCA_000006355.2_cds_from_genomic.fna	GCA_900162085.1_PkA1H1_v1_genomic.fna
5850	99.99418362831854	100.0	99.99589349112424	97.9959313247329	plasmodium	1810.643528761062	1181.5	3638	171	3615	.99367784496976360637	11668781	12217311	1.04700833788893629934	GCF_000006355.2_GCA_000006355.2_cds_from_genomic.fna	GCA_900004885.2_PKNA1-C.2_genomic.fna
5850	99.99424474557519	100.0	99.99589349112424	98.06572538694789	plasmodium	1805.507743362832	1182.0	3638	171	3615	.99367784496976360637	11668781	12151206	1.04134322171270503748	GCF_000006355.2_GCA_000006355.2_cds_from_genomic.fna	GCA_900005025.2_PKNA1-H.1_genomic.fna
5854	99.52596204666833	99.667	99.54873493975902	98.38540773091735	plasmodium	1194.5018273826258	1024.0	3588	168	3541	.98690078037904124860	11213690	11401128	1.01671510448389423998	GCF_001601855.1_ASM160185v1_cds_from_genomic.fna	GCA_000723685.1_PREICH001_genomic.fna
5854	99.52417590768363	99.677	99.53030120481927	98.20805097318133	plasmodium	1189.53926259499	1021.0	3588	168	3537	.98578595317725752508	11213690	11538669	1.02898055858508662179	GCF_001601855.1_ASM160185v1_cds_from_genomic.fna	GCA_900097025.1_PRG01_genomic.fna
5858	99.92646104440112	100.0	99.92675739644967	97.76431168434735	plasmodium	1637.050544540631	1156.0	3631	172	3576	.98485265767006334343	12613134	12045591	.95500380793544253157	GCF_900090045.1_PmUG01_cds_from_genomic.fna	GCA_900088575.1_Pmal_genomic.fna
5858	99.10936626717316	99.27	99.17547204968943	97.86101510131769	plasmodium	1281.2665887167495	1016.0	3631	172	3419	.94161388047369870559	12613134	10310566	.81744679791715524468	GCF_900090045.1_PmUG01_cds_from_genomic.fna	GCA_900090005.1_PmlGA01_genomic.fna
5860	96.59253119730188	96.812	97.06775151515151	95.09770804807444	plasmodium	1223.6686340640808	952.5	3625	168	3555	.98068965517241379310	10199336	9625475	.94373545493549776181	GCF_900681995.1_PVVCY_v1_cds_from_genomic.fna	GCA_903994265.1_PVSEL_v1_genomic.fna
5860	99.9063404491266	100.0	99.91028313253013	99.03096875999576	plasmodium	1697.0158026060437	1131.0	3625	168	3604	.99420689655172413793	10199336	9854414	.96618191615611055464	GCF_900681995.1_PVVCY_v1_cds_from_genomic.fna	GCA_000709005.1_Plas_vinc_vinckei_V1_genomic.fna
5860	95.13002956225122	95.385	95.8959625	93.85986502256088	plasmodium	1106.0440591245026	900.0	3625	168	3515	.96965517241379310344	10199336	9044652	.88678831641589217180	GCF_900681995.1_PVVCY_v1_cds_from_genomic.fna	GCA_900617805.1_PchV52-2_genomic.fna
5860	96.35253494246433	96.599	96.85798787878782	95.13478123264828	plasmodium	1211.8214987370193	947.0	3625	168	3560	.98206896551724137931	10199336	9465344	.92803531524012935744	GCF_900681995.1_PVVCY_v1_cds_from_genomic.fna	GCA_900617815.1_Pvb1-69-2_genomic.fna
5860	96.35751066816407	96.6035	96.86365454545451	94.92842614429738	plasmodium	1211.236664795059	945.5	3625	168	3559	.98179310344827586206	10199336	9544727	.93581846896699942035	GCF_900681995.1_PVVCY_v1_cds_from_genomic.fna	GCA_903994205.1_PVBDA_v1_genomic.fna
5860	96.5903925154754	96.781	97.0913674698795	95.06439492092417	plasmodium	1216.7478897017445	951.0	3625	168	3551	.97958620689655172413	10199336	9622116	.94340611977093410786	GCF_900681995.1_PVVCY_v1_cds_from_genomic.fna	GCA_903994225.1_PVLDE_v1_genomic.fna
5860	96.6347827914798	96.845	97.08505421686739	95.51334771896335	plasmodium	1219.518778026906	954.5	3625	168	3565	.98344827586206896551	10199336	9454622	.92698407033555909914	GCF_900681995.1_PVVCY_v1_cds_from_genomic.fna	GCA_000524515.1_Plas_vinc_pett_CR_V1_genomic.fna
5860	95.11231877481568	95.364	95.85258641975308	93.85967348049108	plasmodium	1107.3922291548497	901.0	3625	168	3523	.97186206896551724137	10199336	9055063	.88780906913940280033	GCF_900681995.1_PVVCY_v1_cds_from_genomic.fna	GCA_900617785.1_Pch2CR-2_genomic.fna
5860	96.63163264161524	96.8425	97.08332530120474	95.09253637465841	plasmodium	1220.6553561413348	953.5	3625	168	3563	.98289655172413793103	10199336	9637342	.94489896205007855413	GCF_900681995.1_PVVCY_v1_cds_from_genomic.fna	GCA_903994235.1_PVPCR_v1_genomic.fna
5865	99.8129105839416	100.0	99.88581547619047	99.68706655379006	aconoidasida	956.5711678832117	614.5	1100	170	1089	.99000000000000000000	5580292	5159116	.92452437972779919043	GCF_000165395.1_ASM16539v1_cds_from_genomic.fna	GCA_020449125.1_ASM2044912v1_genomic.fna
5865	98.78806118721461	99.462	98.61358083832339	98.09475041427665	aconoidasida	947.5360730593608	611.0	1100	170	1088	.98909090909090909090	5580292	5061974	.90711633011319120934	GCF_000165395.1_ASM16539v1_cds_from_genomic.fna	GCA_020449135.1_ASM2044913v1_genomic.fna
5866	99.9889231464738	100.0	99.97871341463413	95.55351801853992	aconoidasida	952.3490054249548	610.5	1109	165	1099	.99098286744815148782	8706687	10749896	1.23467123602812413033	GCF_000981445.1_Bbig001_cds_from_genomic.fna	GCA_000723445.1_BBBOND_0001_genomic.fna
5866	98.50325366300358	98.6285	98.386695652174	97.00705275176972	aconoidasida	848.4249084249084	556.5	1109	165	1085	.97835888187556357078	8706687	4911561	.56411365195510071741	GCF_000981445.1_Bbig001_cds_from_genomic.fna	GCA_018901905.1_ASM1890190v1_genomic.fna
5866	98.45859800362989	98.621	98.3973048780488	96.64102255344149	aconoidasida	938.2840290381125	609.5	1109	165	1095	.98737601442741208295	8706687	6234376	.71604457585301963881	GCF_000981445.1_Bbig001_cds_from_genomic.fna	GCA_018901925.1_ASM1890192v1_genomic.fna
5868	99.97144171220404	100.0	99.98399411764707	99.89613349950159	aconoidasida	686.8224043715848	436.5	1102	171	1094	.99274047186932849364	4761489	4409479	.92607144529788895868	GCF_000691945.2_ASM69194v2_cds_from_genomic.fna	GCA_001650055.1_ASM165005v1_genomic.fna
5868	99.97348907103829	100.0	99.98399411764707	99.88763739208099	aconoidasida	685.1730418943533	436.5	1102	171	1094	.99274047186932849364	4761489	4451030	.93479791720615126906	GCF_000691945.2_ASM69194v2_cds_from_genomic.fna	GCA_001650065.1_ASM165006v1_genomic.fna
5868	99.97361020036435	100.0	99.98389940828403	99.86631594430283	aconoidasida	691.8825136612022	436.5	1102	171	1094	.99274047186932849364	4761489	4499091	.94489160848633694207	GCF_000691945.2_ASM69194v2_cds_from_genomic.fna	GCA_001650075.1_ASM165007v1_genomic.fna
5868	99.97362021857928	100.0	99.98399411764707	99.89420822109153	aconoidasida	687.2295081967213	436.5	1102	171	1094	.99274047186932849364	4761489	4420290	.92834195353596322494	GCF_000691945.2_ASM69194v2_cds_from_genomic.fna	GCA_001650105.1_ASM165010v1_genomic.fna
5868	99.9734361313869	100.0	99.98389940828403	99.87895360207543	aconoidasida	688.6478102189781	435.0	1102	171	1092	.99092558983666061705	4761489	4417076	.92766695460180628370	GCF_000691945.2_ASM69194v2_cds_from_genomic.fna	GCA_001650135.1_ASM165013v1_genomic.fna
5868	99.97315132178673	100.0	99.98262130177515	99.87244824150646	aconoidasida	688.9170464904284	436.0	1102	171	1093	.99183303085299455535	4761489	4430207	.93042470538102681745	GCF_000691945.2_ASM69194v2_cds_from_genomic.fna	GCA_001650145.1_ASM165014v1_genomic.fna
5875	99.98851286764705	100.0	99.98156493506492	99.73512286818044	aconoidasida	694.8511029411765	444.0	1089	156	1076	.98806244260789715335	5705956	5427659	.95122692849366521578	GCF_000165365.1_ASM16536v1_cds_from_genomic.fna	GCA_014884785.1_BV115_v1_genomic.fna
5875	99.33298987108657	100.0	99.2750974025974	98.8308445283695	aconoidasida	670.6666666666666	432.0	1089	156	1074	.98622589531680440771	5705956	5313655	.93124710390335992776	GCF_000165365.1_ASM16536v1_cds_from_genomic.fna	GCA_014884835.1_Tp_Uganda_3645_v1_genomic.fna
5875	99.33730478821366	100.0	99.28529220779217	98.82120553713816	aconoidasida	665.6197053406999	432.0	1089	156	1074	.98622589531680440771	5705956	5319532	.93227708029995324184	GCF_000165365.1_ASM16536v1_cds_from_genomic.fna	GCA_014884865.1_TP_Marikebuni_3292_v1_genomic.fna
5875	98.27228954671594	98.477	98.11159090909094	97.51175086088173	aconoidasida	644.2266419981498	429.0	1089	156	1069	.98163452708907254361	5705956	5266976	.92306635382396919990	GCF_000165365.1_ASM16536v1_cds_from_genomic.fna	GCA_014884895.1_Tp_Lawrencei_7014_3081_v1_genomic.fna
5911	99.9706787878788	100.0	99.97294594594594	96.52779697149704	alveolata	703.9333333333333	605.0	166	186	165	.99397590361445783132	50846186	69640507	1.36963089030905877581	GCF_000189635.1_JCVI-TTA1-2.2_cds_from_genomic.fna	GCA_016584475.1_JCVI_TeTherMIC_3_genomic.fna
5911	99.9706787878788	100.0	99.97038918918918	98.2052674487546	alveolata	703.9333333333333	605.0	166	186	165	.99397590361445783132	50846186	55051907	1.08271458158139924201	GCF_000189635.1_JCVI-TTA1-2.2_cds_from_genomic.fna	GCA_000261185.1_Tetra_therm_micronuc_V2_genomic.fna
29176	99.98476	100.0	99.98444324324326	98.98527009066832	coccidia	580.124	374.5	500	186	499	.99800000000000000000	17836020	20024938	1.12272457644698761270	GCF_000208865.1_ASM20886v2_cds_from_genomic.fna	GCA_016097395.1_Ncaninum_LIV_genomic.fna
29176	99.97856599999999	100.0	99.97773513513515	99.02763836824657	coccidia	570.532	368.5	500	186	499	.99800000000000000000	17836020	19525209	1.09470661055549388260	GCF_000208865.1_ASM20886v2_cds_from_genomic.fna	GCA_016097425.1_Ncaninum_Uru1_genomic.fna
29176	99.975326	100.0	99.95765405405405	98.71732559733894	coccidia	579.446	373.0	500	186	499	.99800000000000000000	17836020	18919173	1.06072840241264587054	GCF_000208865.1_ASM20886v2_cds_from_genomic.fna	GCA_016801225.1_ASM1680122v1_genomic.fna
44056	99.37441573033708	99.626	99.37452071005914	97.91409246960728	stramenopiles	761.5730337078652	705.0	95	177	88	.92631578947368421052	18105673	16005344	.88399608233286881962	GCF_000186865.1_v_1.0_cds_from_genomic.fna	GCA_021029035.1_ASM2102903v1_genomic.fna
44056	99.46912765957447	99.7595	99.47819999999999	98.00574171675797	stramenopiles	684.7340425531914	627.0	95	177	93	.97894736842105263157	18105673	16815109	.92872046236558011403	GCF_000186865.1_v_1.0_cds_from_genomic.fna	GCA_021029045.1_ASM2102904v1_genomic.fna
44056	99.82032978723402	100.0	99.80496610169492	98.07234993224984	stramenopiles	727.0744680851063	655.5	95	177	93	.97894736842105263157	18105673	17328835	.95709422124214880054	GCF_000186865.1_v_1.0_cds_from_genomic.fna	GCA_021029115.1_ASM2102911v1_genomic.fna
68886	99.8542952898551	100.0	99.86491772151899	99.27232507598788	aconoidasida	687.0751811594203	445.0	1108	160	1089	.98285198555956678700	6165843	6069884	.98443700236934349447	GCF_000740895.1_ASM74089v1_cds_from_genomic.fna	GCA_003072525.2_ASM307252v2_genomic.fna
68886	90.03187741935477	90.00800000000001	89.79231851851848	88.83234378663528	aconoidasida	560.325806451613	411.5	1108	160	916	.82671480144404332129	6165843	3345128	.54252565302100621115	GCF_000740895.1_ASM74089v1_cds_from_genomic.fna	GCA_003072535.2_ASM307253v2_genomic.fna
68886	90.05210980810239	90.065	89.52519852941177	88.6460000000002	aconoidasida	585.5106609808103	417.0	1108	160	924	.83393501805054151624	6165843	3537289	.57369105895171187459	GCF_000740895.1_ASM74089v1_cds_from_genomic.fna	GCA_003072545.2_ASM307254v2_genomic.fna
72520	99.73687499999998	99.9455	99.70948979591842	99.52035585804603	stramenopiles	934.6875	744.0	66	99	59	.89393939393939393939	3173632	2760077	.86969031065983705735	GCF_000240725.1_ASM24072v1_cds_from_genomic.fna	GCA_000569095.1_NagaB31_1.0_genomic.fna
72520	99.730296875	99.88050000000001	99.59066326530609	99.3925569347004	stramenopiles	922.8125	744.0	66	99	59	.89393939393939393939	3173632	2578738	.81255104561587480842	GCF_000240725.1_ASM24072v1_cds_from_genomic.fna	GCA_001614215.1_ASM161421v1_genomic.fna
72520	99.69637500000002	99.844	99.6511224489796	99.15132060717622	stramenopiles	920.265625	744.0	66	99	59	.89393939393939393939	3173632	2885070	.90907515427119464386	GCF_000240725.1_ASM24072v1_cds_from_genomic.fna	GCA_002838785.1_we3730_nuc_genomic.fna
857276	99.91566733870961	100.0	99.89049425287361	99.44596588573755	coccidia	1542.5625	1228.5	496	174	494	.99596774193548387096	6933371	6943233	1.00142239611871339352	GCF_001865345.1_ASM186534v1_cds_from_genomic.fna	GCA_001835705.1_ASM183570v1_genomic.fna
857276	99.9370887096774	100.0	99.93904597701149	99.49995157938476	coccidia	1510.780241935484	1218.5	496	174	494	.99596774193548387096	6933371	6767254	.97604094746985268781	GCF_001865345.1_ASM186534v1_cds_from_genomic.fna	GCA_001835715.1_ASM183571v1_genomic.fna
857276	99.89988508064512	100.0	99.86370689655172	99.52945758882699	coccidia	1512.1814516129032	1228.5	496	174	494	.99596774193548387096	6933371	6772730	.97683075087140151594	GCF_001865345.1_ASM186534v1_cds_from_genomic.fna	GCA_004337805.1_ABER_UKUB1_1.0_genomic.fna
857276	99.94516129032257	100.0	99.95191379310346	99.60600401776264	coccidia	1550.717741935484	1228.5	496	174	494	.99596774193548387096	6933371	6841336	.98672579326852695463	GCF_001865345.1_ASM186534v1_cds_from_genomic.fna	GCA_004337815.1_ABER_UKUB2_1.0_genomic.fna
