9258	99.8009903288202	100.0	99.87117299578063	99.531006117967	mammalia	477.6134941404028	268.0	9109	248	8662	.95092765396860248106	80876845	23181161	.28662296359359715379	GCF_004115215.2_mOrnAna1.pri.v4_cds_from_genomic.fna	GCA_000002275.2_ASM227v2_genomic.fna
9258	99.91550866405822	100.0	99.93439583333334	99.36066756711526	mammalia	510.82515371716045	295.0	9109	248	8817	.96794379185421012185	80876845	33096136	.40921645744217643504	GCF_004115215.2_mOrnAna1.pri.v4_cds_from_genomic.fna	GCA_002966995.1_ASM296699v1_genomic.fna
9258	99.83758261856723	100.0	99.87998584905661	99.36952723372852	mammalia	518.4830978809283	289.0	9109	248	7818	.85827203864310023054	80876845	27039644	.33433109315775114620	GCF_004115215.2_mOrnAna1.pri.v4_cds_from_genomic.fna	GCA_004115175.2_mOrnAna1.alt.v3_genomic.fna
9261	99.36489681986987	99.6525	99.37668067226889	98.68628833594217	mammalia	403.8261374187558	237.0	9080	246	8439	.92940528634361233480	65078607	24389983	.37477727511899570929	GCF_015852505.1_mTacAcu1.pri_cds_from_genomic.fna	GCA_015598185.1_mTacAcu1_genomic.fna
9261	99.36993362499976	99.609	99.21564251207727	98.63999181115997	mammalia	517.81225	295.0	9080	246	7849	.86442731277533039647	65078607	29598498	.45481148666872971021	GCF_015852505.1_mTacAcu1.pri_cds_from_genomic.fna	GCA_015852515.1_mTacAcu1.alt_genomic.fna
9305	99.8225084235189	100.0	99.42156846473031	99.13894454346443	mammalia	543.4002008256164	299.0	9151	247	8870	.96929297344552507922	98791623	35321684	.35753723774737459268	GCF_902635505.1_mSarHar1.11_cds_from_genomic.fna	GCA_000189315.1_Devil_ref_v7.0_genomic.fna
9305	99.8368605551255	100.0	99.35618181818184	99.47650134082893	mammalia	553.2407386929117	314.0	9151	247	8951	.97814446508578297453	98791623	29228606	.29586117843210248707	GCF_902635505.1_mSarHar1.11_cds_from_genomic.fna	GCA_000219685.1_Devil_CABOG_asm.06_genomic.fna
9305	99.82368090564354	100.0	99.42156846473031	96.86397176192828	mammalia	543.4782511710907	299.0	9151	247	8874	.96973008414380941973	98791623	51021334	.51645405197969062619	GCF_902635505.1_mSarHar1.11_cds_from_genomic.fna	GCA_007988765.1_SarHar_Dovetail_2.0_genomic.fna
9305	97.58490322580647	100.0	99.306	84.46623742471628	mammalia	337.2903225806452	215.0	9151	247	30	.00327833023713255381	98791623	5523909	.05591475099057740958	GCF_902635505.1_mSarHar1.11_cds_from_genomic.fna	GCA_902648505.1_mSarHar1.11_alternate_haplotype_genomic.fna
9407	99.58888779920247	99.844	99.11637860082308	99.34740649916766	laurasiatheria	538.3828956117021	304.0	12209	248	12003	.98312720124498320910	124986411	34409306	.27530437688942040267	GCF_014176215.1_mRouAeg1.p_cds_from_genomic.fna	GCA_001466805.2_Raegyp2.0_genomic.fna
9407	99.75529990036563	100.0	99.23925514403294	99.5838259223221	laurasiatheria	554.0209232813019	310.0	12209	248	12015	.98411008272585797362	124986411	30045756	.24039218151483684094	GCF_014176215.1_mRouAeg1.p_cds_from_genomic.fna	GCA_004024865.1_RouAeg_v1_BIUU_genomic.fna
9407	99.7402714973439	100.0	99.23499999999997	99.4748621774949	laurasiatheria	551.6675796812749	309.0	12209	248	12019	.98443770988614956179	124986411	35276158	.28223994686910403403	GCF_014176215.1_mRouAeg1.p_cds_from_genomic.fna	GCA_015472805.1_rouAeg_1.0_genomic.fna
9417	99.23131789560952	99.519	98.6134876033058	99.22621436606948	laurasiatheria	544.5609776304888	312.0	12213	249	11987	.98149512814214361745	77994782	24701188	.31670308406016187082	GCF_014825515.1_WHU_Ajam_v2_cds_from_genomic.fna	GCA_004027435.1_ArtJam_v1_BIUU_genomic.fna
9417	99.24262139064056	99.52850000000001	98.58745000000002	98.77545031501923	laurasiatheria	547.3121473614337	312.0	12213	249	11969	.98002128879063293212	77994782	35505489	.45522903057796866462	GCF_014825515.1_WHU_Ajam_v2_cds_from_genomic.fna	GCA_021234435.1_CSHL_Jam_final_genomic.fna
9447	99.67530127402598	100.0	99.01914344262296	99.3868410201941	primates	577.5339863023787	338.0	13716	248	13452	.98075240594925634295	87479223	31262120	.35736622855006382486	GCF_020740605.2_mLemCat1.pri_cds_from_genomic.fna	GCA_004024665.1_LemCat_v1_BIUU_genomic.fna
9447	99.68082479301862	100.0	99.07650833333332	98.68986569257986	primates	577.6924740807041	337.0	13716	248	13282	.96835812190142898804	87479223	41535360	.47480257112023045746	GCF_020740605.2_mLemCat1.pri_cds_from_genomic.fna	GCA_020740595.1_mLemCat1.alt_genomic.fna
9483	99.51007218636379	100.0	98.54107438016531	97.88122953319242	primates	581.4245863936494	366.0	13728	246	13444	.97931235431235431235	189995936	50651380	.26659191278701877075	GCF_009663435.1_Callithrix_jacchus_cj1700_1.1_cds_from_genomic.fna	GCA_000004665.1_Callithrix_jacchus-3.2_genomic.fna
9483	99.40846262281092	100.0	98.70762280701751	98.7626617661258	primates	299.24886800512604	222.0	13728	246	11669	.85001456876456876456	189995936	7436769	.03914172669461729960	GCF_009663435.1_Callithrix_jacchus_cj1700_1.1_cds_from_genomic.fna	GCA_000832365.1_ASM83236v1_genomic.fna
9483	99.50069018519888	100.0	98.53245833333337	98.99398567737549	primates	584.5211066956587	363.0	13728	246	13302	.96896853146853146853	189995936	31514212	.16586782150961376352	GCF_009663435.1_Callithrix_jacchus_cj1700_1.1_cds_from_genomic.fna	GCA_001269965.1_CIEA01_genomic.fna
9483	99.5198863333824	100.0	98.51081893004117	96.81880887085889	primates	612.2447123206626	379.0	13728	246	13487	.98244463869463869463	189995936	60961512	.32085692611867234886	GCF_009663435.1_Callithrix_jacchus_cj1700_1.1_cds_from_genomic.fna	GCA_002754865.1_ASM275486v1_genomic.fna
9483	99.53900665680449	100.0	98.5677190082645	97.1838209012555	primates	608.4108727810651	375.0	13728	246	13485	.98229895104895104895	189995936	62440184	.32863957679600052076	GCF_009663435.1_Callithrix_jacchus_cj1700_1.1_cds_from_genomic.fna	GCA_009811775.1_CJ2019_assembly_genomic.fna
9483	99.53216867737395	100.0	98.60349173553723	96.67521691165	primates	610.2611205684258	377.0	13728	246	13476	.98164335664335664335	189995936	69771912	.36722844429682959113	GCF_009663435.1_Callithrix_jacchus_cj1700_1.1_cds_from_genomic.fna	GCA_011078405.1_mCalJac1.mat_genomic.fna
9483	99.52981795321185	100.0	98.56358506224069	96.60200767751732	primates	605.97820620285	373.0	13728	246	13090	.95352564102564102564	189995936	68321257	.35959325466835248518	GCF_009663435.1_Callithrix_jacchus_cj1700_1.1_cds_from_genomic.fna	GCA_011100535.2_mCalJac1.2.pat_genomic.fna
9483	99.54004366165893	100.0	98.57569834710746	96.63573134273717	primates	611.7729593724562	377.0	13728	246	13478	.98178904428904428904	189995936	70547136	.37130865788624026147	GCF_009663435.1_Callithrix_jacchus_cj1700_1.1_cds_from_genomic.fna	GCA_011100555.2_mCalJa1.2.pat.X_genomic.fna
9483	99.53219664464385	100.0	98.58165702479343	96.91179640188975	primates	588.550812857249	370.0	13728	246	13436	.97872960372960372960	189995936	62202475	.32738845003505759196	GCF_009663435.1_Callithrix_jacchus_cj1700_1.1_cds_from_genomic.fna	GCA_013373975.1_CJA1912RKC_genomic.fna
9541	99.3883969338196	99.829	98.577949790795	97.86925044347883	primates	477.9285063752277	302.0	13752	246	13138	.95535194880744618964	164207347	40139365	.24444317342268491798	GCF_012559485.2_MFA1912RKSv2_cds_from_genomic.fna	GCA_000222185.1_MacFas_Jun2011_genomic.fna
9541	99.4679428213077	100.0	98.57209465020573	97.31808387220137	primates	538.5929614873838	317.0	13752	246	13515	.98276614310645724258	164207347	42905889	.26129092141047744958	GCF_012559485.2_MFA1912RKSv2_cds_from_genomic.fna	GCA_000230815.1_CE_1.0_genomic.fna
9541	99.49773350011037	100.0	98.60156378600827	97.09476506125114	primates	588.1014642042528	351.0	13752	246	13553	.98552937754508435136	164207347	58651404	.35717892695751305208	GCF_012559485.2_MFA1912RKSv2_cds_from_genomic.fna	GCA_000364345.1_Macaca_fascicularis_5.0_genomic.fna
9541	99.44383630239527	99.898	98.54825000000001	96.55751007743318	primates	553.2586826347306	329.0	13752	246	13323	.96880453752181500872	164207347	61195368	.37267131537056012481	GCF_012559485.2_MFA1912RKSv2_cds_from_genomic.fna	GCA_011100615.1_Macaca_fascicularis_6.0_genomic.fna
9541	99.35040414414436	99.913	98.46271291866032	96.41485741569798	primates	527.2884684684685	303.0	13752	246	11069	.80490110529377545084	164207347	49400478	.30084206889963333979	GCF_012559485.2_MFA1912RKSv2_cds_from_genomic.fna	GCA_902985625.2_mfascicularis_v7_phase1_genomic.fna
9541	99.35040414414436	99.913	98.46271291866032	96.41485741569798	primates	527.2884684684685	303.0	13752	246	11069	.80490110529377545084	164207347	49400478	.30084206889963333979	GCF_012559485.2_MFA1912RKSv2_cds_from_genomic.fna	GCA_903231565.1_mfascicularis_v7_1_genomic.fna
9541	99.34754408217974	99.916	98.49767464114835	96.42306783900513	primates	528.7146940598482	303.0	13752	246	11162	.81166375799883653286	164207347	49731010	.30285496299991985133	GCF_012559485.2_MFA1912RKSv2_cds_from_genomic.fna	GCA_903645265.1_mfascicularis_v7_phased_genomic.fna
9541	99.35040414414436	99.913	98.46271291866032	96.41485741569798	primates	527.2884684684685	303.0	13752	246	11069	.80490110529377545084	164207347	49400478	.30084206889963333979	GCF_012559485.2_MFA1912RKSv2_cds_from_genomic.fna	GCA_903645275.1_mfascicularis_v7_phased1_genomic.fna
9544	99.54727179261248	100.0	98.66657786885249	97.36366293197003	primates	576.8907248292576	348.0	13772	246	13591	.98685739180946848678	142401811	52921161	.37163264026185734393	GCF_003339765.1_Mmul_10_cds_from_genomic.fna	GCA_000002255.2_Mmul_051212_genomic.fna
9544	99.49117862134904	100.0	98.55002459016394	97.83150038520122	primates	560.2224674464798	331.0	13772	246	13573	.98555039209991286668	142401811	44395412	.31176156881881228322	GCF_003339765.1_Mmul_10_cds_from_genomic.fna	GCA_000230795.1_CR_1.0_genomic.fna
9544	99.55851815909445	100.0	98.66682857142858	97.48699908957865	primates	594.5486693133363	356.0	13772	246	13587	.98656694742956723787	142401811	55202209	.38765103205042806653	GCF_003339765.1_Mmul_10_cds_from_genomic.fna	GCA_000772875.3_Mmul_8.0.1_genomic.fna
9544	99.56020671131084	100.0	98.66475819672131	98.22948408022961	primates	564.4429317830599	346.0	13772	246	13574	.98562300319488817891	142401811	47647041	.33459575173520791810	GCF_003339765.1_Mmul_10_cds_from_genomic.fna	GCA_005453305.1_ASM545330v1_genomic.fna
9544	99.44043701707079	100.0	98.4417014925373	98.74886556684837	primates	523.288409703504	317.0	13772	246	11108	.80656404298576822538	142401811	31970962	.22451232730460148431	GCF_003339765.1_Mmul_10_cds_from_genomic.fna	GCA_005453525.2_ASM545352v2_genomic.fna
9544	99.52437167621589	100.0	98.65306967213112	97.66740590162937	primates	582.9397678859997	355.0	13772	246	13598	.98736566947429567237	142401811	56976649	.40011182863397713390	GCF_003339765.1_Mmul_10_cds_from_genomic.fna	GCA_008058575.1_rheMacS_1.0_genomic.fna
9544	95.30563636363635	96.076		95.31700199999995	primates	307.6363636363636	210.0	13772	246	22	.00159744408945686900	142401811	277219	.00194673788242763289	GCF_003339765.1_Mmul_10_cds_from_genomic.fna	GCA_014858485.1_Mmul10_segmental_duplication_genomic.fna
9593	99.59215603569051	100.0	98.63199170124484	96.49181416253136	primates	583.7068800235971	349.0	13699	244	13371	.97605664647054529527	93198796	59948573	.64323334176977994436	GCF_008122165.1_Kamilah_GGO_v0_cds_from_genomic.fna	GCA_000151905.3_gorGor4_genomic.fna
9593	99.56846772525834	100.0	98.63330000000003	96.2464131866128	primates	564.9733382570163	347.0	13699	244	13350	.97452368786042776845	93198796	62504143	.67065397497195135439	GCF_008122165.1_Kamilah_GGO_v0_cds_from_genomic.fna	GCA_900006655.3_Susie3_genomic.fna
9598	99.63154482606461	100.0	98.72618595041322	96.75708718147851	primates	603.0311098036332	361.0	13766	246	13564	.98532616591602498910	176563658	71758109	.40641494298900399990	GCF_002880755.1_Clint_PTRv2_cds_from_genomic.fna	GCA_000001515.5_Pan_tro_3.0_genomic.fna
9598	99.57753172785704	100.0	98.6925743801653	99.00908233904488	primates	538.0242298884539	338.0	13766	246	13504	.98096760133662647101	176563658	24417260	.13829153902101416589	GCF_002880755.1_Clint_PTRv2_cds_from_genomic.fna	GCA_000325845.1_ASM32584v1_genomic.fna
9685	99.63608598951735	100.0	99.45233898305084	98.86553858534131	carnivora	459.10582235444116	273.0	14490	247	14085	.97204968944099378881	162185847	33456286	.20628363460098956723	GCF_018350175.1_F.catus_Fca126_mat1.0_cds_from_genomic.fna	GCA_000003115.1_catChrV17e_genomic.fna
9685	99.6642508225415	100.0	99.31469008264462	98.93831772866795	carnivora	536.8289814490724	310.0	14490	247	14252	.98357487922705314009	162185847	43005700	.26516308787412257988	GCF_018350175.1_F.catus_Fca126_mat1.0_cds_from_genomic.fna	GCA_000181335.5_Felis_catus_9.0_genomic.fna
9685	99.67160626006564	100.0	99.31893388429751	98.84821305644499	carnivora	543.6423919893565	310.0	14490	247	14248	.98329882677708764665	162185847	47159282	.29077310303161039692	GCF_018350175.1_F.catus_Fca126_mat1.0_cds_from_genomic.fna	GCA_013340865.1_ASM1334086v1_genomic.fna
9685	99.66659026951325	100.0	99.32483402489626	98.92304582333252	carnivora	542.9041652082605	310.0	14490	247	14251	.98350586611456176673	162185847	44971875	.27728606306812948974	GCF_018350175.1_F.catus_Fca126_mat1.0_cds_from_genomic.fna	GCA_016509815.2_Fcat_Pben_1.1_maternal_alt_genomic.fna
9689	99.74776107750759	100.0	99.4380882352941	99.48536873572094	carnivora	540.9174286116191	305.0	14410	243	13924	.96627342123525329632	104969200	33851375	.32248864428803877708	GCF_018350215.1_P.leo_Ple1_pat1.1_cds_from_genomic.fna	GCA_008795835.1_PanLeo1.0_genomic.fna
9689	99.68894082039591	100.0	99.28311016949154	99.21769198262797	carnivora	464.70118216778235	266.0	14410	243	13746	.95392088827203331020	104969200	19378614	.18461238153667933069	GCF_018350215.1_P.leo_Ple1_pat1.1_cds_from_genomic.fna	GCA_012313985.1_BGI_AfriLion_1.1_genomic.fna
9694	99.67971394433505	100.0	99.25548945147678	99.35569989439247	carnivora	478.713522631431	271.0	14491	245	14194	.97950452004692567800	109194635	32576267	.29833212043796840385	GCF_018350195.1_P.tigris_Pti1_mat1.1_cds_from_genomic.fna	GCA_000464555.1_PanTig1.0_genomic.fna
9694	99.73650600894368	100.0	99.41155882352945	99.19685007321483	carnivora	543.8147708216881	306.0	14491	245	14278	.98530122144779518321	109194635	40028122	.36657590366046830048	GCF_018350195.1_P.tigris_Pti1_mat1.1_cds_from_genomic.fna	GCA_021130815.1_PanTigT.MC.v3_genomic.fna
9694	99.73258369733688	100.0	99.4565254237288	99.17956962403719	carnivora	531.4670987741299	302.0	14491	245	14160	.97715823614657373542	109194635	38391935	.35159177005353788672	GCF_018350195.1_P.tigris_Pti1_mat1.1_cds_from_genomic.fna	GCA_021131075.1_PanTigT.SI.v4_genomic.fna
9694	99.72982164666236	100.0	99.33160000000001	99.51367163457087	carnivora	536.5784375658034	303.0	14491	245	14212	.98074667034711200055	109194635	34494643	.31590052936208816486	GCF_018350195.1_P.tigris_Pti1_mat1.1_cds_from_genomic.fna	GCA_019348595.1_Maltig1.0_genomic.fna
9704	99.7011135362017	100.0	99.35585892116184	99.65696846652011	carnivora	565.8348373557188	336.0	14492	246	14232	.98205906707148771736	122987412	31852526	.25899013144532222533	GCF_009762305.2_mZalCal1.pri.v2_cds_from_genomic.fna	GCA_004024565.1_ZalCal_v1_BIUU_genomic.fna
9704	99.64360198570287	100.0	99.34628767123286	99.43851804756493	carnivora	544.9918983320096	319.0	14492	246	12538	.86516698868341153739	122987412	32558345	.26472908463184833908	GCF_009762305.2_mZalCal1.pri.v2_cds_from_genomic.fna	GCA_009762295.2_mZalCal1.alt.v2_genomic.fna
9704	99.7039277665012	100.0	99.32312757201647	99.31270630751034	carnivora	565.7223349898509	336.0	14492	246	14225	.98157604195418161744	122987412	38289654	.31132986195367701533	GCF_009762305.2_mZalCal1.pri.v2_cds_from_genomic.fna	GCA_900631625.1_zalCal2.2_genomic.fna
9739	99.6483005169531	100.0	99.33002083333331	99.58495241083274	cetartiodactyla	517.1189752166641	317.0	13316	247	13102	.98392910784019224992	113787048	27728164	.24368471181359762492	GCF_011762595.1_mTurTru1.mat.Y_cds_from_genomic.fna	GCA_000151865.3_Ttru_1.4_genomic.fna
9739	99.61225542303688	100.0	99.22770258620689	99.56364180485559	cetartiodactyla	533.561594492916	307.0	13316	247	12443	.93443977170321417843	113787048	28818732	.25326900123114187829	GCF_011762595.1_mTurTru1.mat.Y_cds_from_genomic.fna	GCA_001922835.1_NIST_Tur_tru_v1_genomic.fna
9739	99.63284872636353	100.0	99.34906779661016	99.54712079709255	cetartiodactyla	558.5397718393499	327.0	13316	247	12750	.95749474316611595073	113787048	34519463	.30336900031012316973	GCF_011762595.1_mTurTru1.mat.Y_cds_from_genomic.fna	GCA_003314715.1_Tur_tru_Illumina_hap_v1_genomic.fna
9739	99.67027942293107	100.0	99.35849999999999	99.54982526139281	cetartiodactyla	562.0406985573272	333.5	13316	247	13120	.98528086512466206067	113787048	34556690	.30369616408363102978	GCF_011762595.1_mTurTru1.mat.Y_cds_from_genomic.fna	GCA_003435595.3_Tur_tru_Illumina_phased_v1_genomic.fna
9739	99.65543089181762	100.0	99.32899581589957	99.51056683103738	cetartiodactyla	556.8634692001226	330.0	13316	247	13004	.97656954040252328026	113787048	35662271	.31341239294651531868	GCF_011762595.1_mTurTru1.mat.Y_cds_from_genomic.fna	GCA_011762515.1_mTurTru1.pat_genomic.fna
9739	99.70112564570047	100.0	99.38414462809914	99.55110535048672	cetartiodactyla	565.6457003950167	336.0	13316	247	13114	.98483027936317212376	113787048	36145663	.31766060931644874028	GCF_011762595.1_mTurTru1.mat.Y_cds_from_genomic.fna	GCA_011762535.1_mTurTru1.mat_genomic.fna
9749	99.627382967409	100.0	99.28858367346938	99.70070353970515	cetartiodactyla	552.9661931170706	332.0	13319	249	13122	.98520909978226593588	107307039	30356987	.28289837538057498725	GCF_002288925.2_ASM228892v3_cds_from_genomic.fna	GCA_009917725.1_GSC_bbay_1.0_genomic.fna
9749	99.62332986401285	100.0	99.29660655737705	99.65484149798175	cetartiodactyla	556.7637316721112	334.0	13319	249	13122	.98520909978226593588	107307039	31371746	.29235496843781142819	GCF_002288925.2_ASM228892v3_cds_from_genomic.fna	GCA_009917745.1_GSC_cook_1.0_genomic.fna
9755	99.61869588728126	100.0	99.14376249999995	99.62637172662167	cetartiodactyla	535.4123381568926	315.0	13311	245	13045	.98001652768387048305	98409719	29869128	.30351807020198889095	GCF_002837175.2_ASM283717v2_cds_from_genomic.fna	GCA_000472045.1_Physeter_macrocephalus-2.0.2_genomic.fna
9755	99.68859680851072	100.0	99.14275206611565	99.41662613732379	cetartiodactyla	557.4981003039513	331.5	13311	245	13076	.98234542859289309593	98409719	36119188	.36702866715837284323	GCF_002837175.2_ASM283717v2_cds_from_genomic.fna	GCA_900411695.1_PhyCat2.0_genomic.fna
9793	99.83220650823863	100.0	99.55711885245903	99.20913017898292	laurasiatheria	546.3618448290139	305.0	12217	247	12049	.98624866988622411393	115967766	39030660	.33656473127196396971	GCF_016077325.2_ASM1607732v2_cds_from_genomic.fna	GCA_001305755.1_ASM130575v1_genomic.fna
9793	99.81292906918846	100.0	99.4892263374486	99.12535117569955	laurasiatheria	550.268956363033	311.0	12217	247	12026	.98436604731112384382	115967766	39417890	.33990384879881190433	GCF_016077325.2_ASM1607732v2_cds_from_genomic.fna	GCA_003033725.1_ASM303372v1_genomic.fna
9796	99.84237249021074	100.0	99.70481742738586	98.21115101856941	laurasiatheria	527.8681163042572	291.0	12206	246	11971	.98074717352121907258	135685322	44021683	.32443953665083980122	GCF_002863925.1_EquCab3.0_cds_from_genomic.fna	GCA_000002305.1_EquCab2.0_genomic.fna
9796	99.80889143946305	100.0	99.58446280991734	99.58062081287146	laurasiatheria	533.5962542471202	296.0	12206	246	12034	.98590856955595608717	135685322	27462946	.20240174541502727907	GCF_002863925.1_EquCab3.0_cds_from_genomic.fna	GCA_000696655.1_Ajinai1.0_genomic.fna
9807	99.78998893385067	100.0	99.63682083333333	99.5459821602305	laurasiatheria	543.012470063589	306.0	12217	249	12065	.98755832037325038880	65671362	21928904	.33391882446415531933	GCF_000283155.1_CerSimSim1.0_cds_from_genomic.fna	GCA_004027795.1_CerCot_v1_BIUU_genomic.fna
9807	99.7934077012063	100.0	99.57491836734695	98.25459797066824	laurasiatheria	547.6944306726161	307.0	12217	249	12058	.98698534828517639354	65671362	40802835	.62131854369032273154	GCF_000283155.1_CerSimSim1.0_cds_from_genomic.fna	GCA_021442165.1_ASM2144216v1_genomic.fna
9838	99.74338254064709	100.0	99.56002489626553	99.5636069266167	cetartiodactyla	492.4482601428354	284.0	13317	245	13130	.98595779830292107832	105120705	32408480	.30829778015663041833	GCF_000803125.2_CamDro3_cds_from_genomic.fna	GCA_000767585.1_PRJNA234474_Ca_dromedarius_V1.0_genomic.fna
9838	99.75832978480729	100.0	99.5287333333333	99.56020911277376	cetartiodactyla	534.6190403771576	305.0	13317	245	13119	.98513178643838702410	105120705	25070405	.23849159877685371307	GCF_000803125.2_CamDro3_cds_from_genomic.fna	GCA_001640815.1_ASM164081v1_genomic.fna
9860	99.6333205128206	100.0	99.45675454545453	97.71058984068908	cetartiodactyla	562.6544994283847	328.0	13312	247	12234	.91902043269230769230	115380741	48133916	.41717461322249611830	GCF_910594005.1_mCerEla1.1_cds_from_genomic.fna	GCA_910593805.1_mCerEla1.1_alternate_haplotype_genomic.fna
9860	99.64521599264707	100.0	99.36341250000001	98.86506299725804	cetartiodactyla	506.1331954656863	290.5	13312	247	13040	.97956730769230769230	115380741	34320513	.29745443392498233305	GCF_910594005.1_mCerEla1.1_cds_from_genomic.fna	GCA_002197005.1_CerEla1.0_genomic.fna
9913	99.75139074960147	100.0	99.4350942622951	97.53409569050766	cetartiodactyla	550.3508771929825	318.0	13326	249	13128	.98514182800540297163	129952889	63728210	.49039471527254773073	GCF_002263795.1_ARS-UCD1.2_cds_from_genomic.fna	GCA_000003055.5_Bos_taurus_UMD_3.1.1_genomic.fna
9913	99.74978547553955	100.0	99.4350942622951	97.53197782979112	cetartiodactyla	550.5214220601641	318.0	13326	249	13125	.98491670418730301665	129952889	63997862	.49246971338975003472	GCF_002263795.1_ARS-UCD1.2_cds_from_genomic.fna	GCA_000003205.6_Btau_5.0.1_genomic.fna
9913	99.71686839307414	100.0	99.3695836734694	97.59862704775163	cetartiodactyla	557.8399908869987	321.0	13326	249	13129	.98521686927810295662	129952889	63915556	.49183636079071701130	GCF_002263795.1_ARS-UCD1.2_cds_from_genomic.fna	GCA_021234555.1_ARS-LIC_NZ_Jersey_genomic.fna
9913	99.71356159392782	100.0	99.3829510204082	97.93921033926198	cetartiodactyla	557.2960151802656	321.0	13326	249	13136	.98574215818700285156	129952889	58837016	.45275650624435136644	GCF_002263795.1_ARS-UCD1.2_cds_from_genomic.fna	GCA_021347905.1_ARS-LIC_NZ_Holstein-Friesian_1_genomic.fna
9913	99.71052624382833	100.0	99.35165447154475	99.25442181585852	cetartiodactyla	552.9677174325864	320.0	13326	249	13126	.98499174546000300165	129952889	38661614	.29750484423628319644	GCF_002263795.1_ARS-UCD1.2_cds_from_genomic.fna	GCA_914753205.1_Brown_Swiss_cow_genomic.fna
9925	99.66696460512371	100.0	99.26811382113817	97.92281671609481	cetartiodactyla	540.3898741852357	312.0	13315	248	13171	.98918512955313556139	85952442	51021314	.59359935346572235841	GCF_001704415.1_ARS1_cds_from_genomic.fna	GCA_000317765.2_CHIR_2.0_genomic.fna
9925	99.6883415306827	100.0	99.44954132231403	99.05968683292787	cetartiodactyla	420.52493679613883	273.0	13315	248	13030	.97859556890724746526	85952442	29320664	.34112659649623451070	GCF_001704415.1_ARS1_cds_from_genomic.fna	GCA_004361675.1_CVASU_BBG_1.0_genomic.fna
9925	99.52157838902819	100.0	98.89165853658531	97.18859602859594	cetartiodactyla	561.0652421004773	324.0	13315	248	13174	.98941043935411190386	85952442	50159523	.58357298330162626444	GCF_001704415.1_ARS1_cds_from_genomic.fna	GCA_009823495.1_ASM982349v1_genomic.fna
9925	99.68900416824606	100.0	99.30379674796744	97.0236810923701	cetartiodactyla	536.6284956422887	317.0	13315	248	13172	.98926023282012767555	85952442	54103611	.62945984710940498933	GCF_001704415.1_ARS1_cds_from_genomic.fna	GCA_015443085.1_Saanen_v1_genomic.fna
9978	99.27587716380775	99.515	98.71017391304342	99.22114803790244	glires	433.4821982009222	272.0	13712	241	13023	.94975204200700116686	51982147	18893636	.36346394080259901538	GCF_014633375.1_OchPri4.0_cds_from_genomic.fna	GCA_000164825.1_ASM16482v1_genomic.fna
9978	99.81361622855462	100.0	99.10595358649789	99.5543915867272	glires	549.5741108902142	315.0	13712	241	13373	.97527712952158693115	51982147	30204502	.58105529962046392581	GCF_014633375.1_OchPri4.0_cds_from_genomic.fna	GCA_000292845.1_OchPri3.0_genomic.fna
9986	99.6439244203552	100.0	98.8353162393162	98.59671070669766	glires	557.6878199337549	331.0	13591	236	12766	.93929806489588698403	70752647	39417446	.55711620230971711913	GCF_000003625.3_OryCun2.0_cds_from_genomic.fna	GCA_009806435.2_UM_NZW_1.0_genomic.fna
9986	99.38054627421718	99.711	98.68864529914532	97.63237691925985	glires	539.7679582712369	322.0	13591	236	12889	.94834817158413656095	70752647	44983892	.63579094079688636949	GCF_000003625.3_OryCun2.0_cds_from_genomic.fna	GCA_013371645.1_OryCun3.0_genomic.fna
9995	99.68165950110058	100.0	99.03353688524587	98.73308024931835	glires	584.4845194424065	338.0	13788	248	13591	.98571221351900203075	102282672	45166994	.44158989119877509652	GCF_021218885.1_Marmota_monax_Labrador192_V1.0_cds_from_genomic.fna	GCA_014533835.1_Woodchuck_1.0_genomic.fna
9995	99.68262015903385	100.0	99.0671859504132	98.9141188006102	glires	578.6649241643352	333.0	13788	248	13549	.98266608645198723527	102282672	41671151	.40741163860091570544	GCF_021218885.1_Marmota_monax_Labrador192_V1.0_cds_from_genomic.fna	GCA_901343595.1_MONAX5_genomic.fna
10029	99.67599786890071	100.0	99.07750819672133	98.95612886353925	glires	513.731554967666	299.0	13748	248	13351	.97112307244690136747	67327608	35454452	.52659604363190802798	GCF_000223135.1_CriGri_1.0_cds_from_genomic.fna	GCA_000419365.1_C_griseus_v1.0_genomic.fna
10029	99.68389312864426	100.0	99.03027459016391	99.41152581455847	glires	521.7033729426525	298.0	13748	248	13293	.96690427698574338085	67327608	30318687	.45031581992338120789	GCF_000223135.1_CriGri_1.0_cds_from_genomic.fna	GCA_000448345.1_Cgr1.0_genomic.fna
10029	99.68030666372786	100.0	99.12518595041323	97.95968140842493	glires	536.5317022996106	308.0	13748	248	13353	.97126854815245853942	67327608	45790298	.68011176039404221816	GCF_000223135.1_CriGri_1.0_cds_from_genomic.fna	GCA_003668045.2_CriGri-PICRH-1.0_genomic.fna
10029	99.71240455714803	100.0	99.13116460905351	98.40179648260076	glires	536.9589121646453	308.0	13748	248	13347	.97083212103578702356	67327608	40657713	.60387876842438840245	GCF_000223135.1_CriGri_1.0_cds_from_genomic.fna	GCA_900186095.1_CHOK1S_HZDv1_genomic.fna
10047	99.79810712451392	100.0	99.28388065843623	99.5406407529512	glires	555.5527184679727	311.0	13768	246	13462	.97777454968041836141	70198897	30597143	.43586358628968201594	GCF_002204375.1_MunDraft-v1.0_cds_from_genomic.fna	GCA_004026785.1_MerUng_v1_BIUU_genomic.fna
10047	99.79247344516872	100.0	99.27500000000002	99.25523823992002	glires	548.9621273166802	309.0	13768	246	13482	.97922719349215572341	70198897	33440045	.47636140208869663578	GCF_002204375.1_MunDraft-v1.0_cds_from_genomic.fna	GCA_008131255.1_ASM813125v1_genomic.fna
10116	99.69731415700474	100.0	98.81473140495866	97.65421276040158	glires	572.9923196218891	332.0	13769	246	13502	.98060861355218243881	157671174	73029124	.46317359189575134386	GCF_015227675.2_mRatBN7.2_cds_from_genomic.fna	GCA_000001895.4_Rnor_6.0_genomic.fna
10116	99.67913758018149	100.0	98.77247107438016	97.6927786493665	glires	574.0507262405073	335.0	13769	246	13525	.98227903260948507516	157671174	78859029	.50014867651077425224	GCF_015227675.2_mRatBN7.2_cds_from_genomic.fna	GCA_000002265.1_Rn_Celera_genomic.fna
10116	98.82265828845	100.0	98.0845277777778	96.65863897232164	glires	407.9287851585877	251.0	13769	246	1665	.12092381436560389280	157671174	6149066	.03899930370278082663	GCF_015227675.2_mRatBN7.2_cds_from_genomic.fna	GCA_015244455.1_mRatBN7.1_alternate_haplotype_genomic.fna
10116	99.63595371121104	100.0	98.79890082644629	97.13121787912819	glires	577.690130463625	335.0	13769	246	13529	.98256954027162466410	157671174	92012868	.58357444589078787477	GCF_015227675.2_mRatBN7.2_cds_from_genomic.fna	GCA_021556685.1_UTH_Rnor_SHRSP_BbbUtx_1.0_genomic.fna
10181	99.24455498154997	100.0	98.1687448559671	99.34916035398106	glires	563.4259778597786	358.0	13768	250	13486	.97951772225450319581	124955689	36184426	.28957805994731460365	GCF_000247695.1_HetGla_female_1.0_cds_from_genomic.fna	GCA_000230445.1_HetGla_1.0_genomic.fna
10181	99.23786768184516	100.0	98.12565843621404	98.85196144374727	glires	563.7537699586044	359.0	13768	250	13464	.97791981406159209761	124955689	41802806	.33454103878375637623	GCF_000247695.1_HetGla_female_1.0_cds_from_genomic.fna	GCA_014060925.1_Heter_glaber.v1.7_hic_pac_genomic.fna
27675	99.1623436856707	99.83	98.3039876033058	98.9973619026703	eutheria	581.9919448670903	375.0	11345	247	11121	.98025561921551344204	107384003	21740701	.20245753922956289867	GCF_015220235.1_mChoDid1.pri_cds_from_genomic.fna	GCA_004027855.1_ChoDid_v1_BIUU_genomic.fna
27675	99.04082146430207	99.675	98.25855555555552	98.88682805505269	eutheria	600.2201909959073	376.0	11345	247	10944	.96465403261348611723	107384003	39479312	.36764611950627320160	GCF_015220235.1_mChoDid1.pri_cds_from_genomic.fna	GCA_015220265.1_mChoDid1.alt_genomic.fna
30522	99.60225067719217	100.0	99.29830801687763	97.55279312412901	cetartiodactyla	548.7100069654051	319.0	13307	247	12890	.96866310964154204553	116536189	51205927	.43939936117183306895	GCF_003369695.1_UOA_Brahman_1_cds_from_genomic.fna	GCA_003369685.2_UOA_Angus_1_genomic.fna
30522	99.69681226286238	100.0	99.34390041493776	98.084156080691	cetartiodactyla	552.6941113977842	321.0	13307	247	13146	.98790110468174644923	116536189	47964493	.41158453362500124317	GCF_003369695.1_UOA_Brahman_1_cds_from_genomic.fna	GCA_012069665.1_cow.Unzip_primary_genomic.fna
30522	99.67450786607517	100.0	99.3055067264574	98.88421236387002	cetartiodactyla	537.7571601452198	312.0	13307	247	12365	.92921019012549785827	116536189	37398863	.32092059403109535356	GCF_003369695.1_UOA_Brahman_1_cds_from_genomic.fna	GCA_012070425.1_cow.Unzip_haplotigs_genomic.fna
30522	99.70524468892246	100.0	99.33424896265561	98.07218261064206	cetartiodactyla	551.6921851289833	320.0	13307	247	13148	.98805140151799804614	116536189	47942595	.41139662633038394622	GCF_003369695.1_UOA_Brahman_1_cds_from_genomic.fna	GCA_012070445.1_cow.phase1_contigs_genomic.fna
30522	99.68485203461921	100.0	99.26953941908715	98.04987713834579	cetartiodactyla	550.6050713634984	320.5	13307	247	13140	.98745021417299165852	116536189	47323981	.40608828387205969126	GCF_003369695.1_UOA_Brahman_1_cds_from_genomic.fna	GCA_012070465.1_cow.phase0_contigs_genomic.fna
30522	99.70210820045568	100.0	99.26378925619835	97.43965888598093	cetartiodactyla	552.4445709946849	320.0	13307	247	13138	.98729991733674006162	116536189	54668258	.46910971149056538994	GCF_003369695.1_UOA_Brahman_1_cds_from_genomic.fna	GCA_012070475.1_cow.phase0_scaffolds_genomic.fna
30522	99.68849536755778	100.0	99.33412916666666	97.44704448603272	cetartiodactyla	548.5948511543135	320.0	13307	247	13136	.98714962050048846471	116536189	53899825	.46251576838504646826	GCF_003369695.1_UOA_Brahman_1_cds_from_genomic.fna	GCA_012070485.1_cow.phase1_scaffolds_genomic.fna
37029	99.63174607072742	100.0	99.3475857740586	99.381540739581	carnivora	532.4359388156048	301.0	14486	247	14214	.98122325003451608449	112696619	31199576	.27684571442200941272	GCF_016509475.1_Fcat_Pben_1.1_paternal_pri_cds_from_genomic.fna	GCA_018119505.1_PriBen1.0_genomic.fna
37029	99.71024903866325	100.0	99.30810788381744	99.48404846890298	carnivora	537.8793260155212	308.0	14486	247	14265	.98474389065304431865	112696619	29904523	.26535421617218170493	GCF_016509475.1_Fcat_Pben_1.1_paternal_pri_cds_from_genomic.fna	GCA_005406085.2_Prionailurus_bengalensis_euptilurus_v03_genomic.fna
40151	99.66107314103061	100.0	99.27398775510204	99.72959858514467	cetartiodactyla	555.387929066139	330.0	13301	249	13088	.98398616645365010149	92646347	25952016	.28011915029957953981	GCF_005190385.1_NGI_Narwhal_1_cds_from_genomic.fna	GCA_004026685.1_MonMon_M_v1_BIUU_genomic.fna
40151	99.64970357958886	100.0	99.27215510204083	99.72793190549012	cetartiodactyla	557.6690784463061	332.0	13301	249	13079	.98330952559957897902	92646347	26595587	.28706568430593383244	GCF_005190385.1_NGI_Narwhal_1_cds_from_genomic.fna	GCA_004027045.1_MonMon_v1_BIUU_genomic.fna
40151	99.64596832406913	100.0	99.23391358024693	99.6720854485064	cetartiodactyla	555.3640447727099	330.0	13301	249	13082	.98353507255093601984	92646347	30823660	.33270237843268661202	GCF_005190385.1_NGI_Narwhal_1_cds_from_genomic.fna	GCA_005125345.1_ASM512534v1_genomic.fna
43179	99.64347221145664	100.0	99.23172222222219	99.13154688677078	glires	394.8975273234633	254.0	13778	245	12801	.92908985338946146029	115046153	12600011	.10952135878893751449	GCF_016881025.1_HiC_Itri_2_cds_from_genomic.fna	GCA_000181315.1_ASM18131v1_genomic.fna
43179	99.7887355184046	100.0	99.18054356846473	99.16300411735999	glires	563.3539375274967	323.0	13778	245	13533	.98221802874147191174	115046153	40679657	.35359423969613308147	GCF_016881025.1_HiC_Itri_2_cds_from_genomic.fna	GCA_000236235.1_SpeTri2.0_genomic.fna
43179	99.79000879829913	100.0	99.18054356846473	98.9916844431808	glires	563.434122736271	323.0	13778	245	13535	.98236318769052112062	115046153	42839091	.37236439361862017237	GCF_016881025.1_HiC_Itri_2_cds_from_genomic.fna	GCA_004006685.1_ASM400668v1_genomic.fna
51337	99.43608990002902	100.0	98.7705755102041	99.23382632615251	glires	568.3105704204646	344.0	13757	249	13523	.98299047757505270044	91208877	33959594	.37232772858282204263	GCF_020740685.1_mJacJac1.mat.Y.cur_cds_from_genomic.fna	GCA_000280705.1_JacJac1.0_genomic.fna
51337	99.41022349852295	100.0	98.84353539823003	98.71440705139118	glires	571.2232523793896	347.0	13757	249	12112	.88042451115795594969	91208877	38091074	.41762463537403272709	GCF_020740685.1_mJacJac1.mat.Y.cur_cds_from_genomic.fna	GCA_020740715.1_mJacJac1.pat.decon_genomic.fna
51338	99.71513301435418	100.0	99.48914876033056	99.59643134447232	glires	545.6923813029076	315.0	13742	247	13331	.97009168971037694658	63722530	26780066	.42026055776504793516	GCF_001984765.1_C.can_genome_v1.0_cds_from_genomic.fna	GCA_004027675.1_CasCan_v1_BIUU_genomic.fna
51338	99.72062752171998	100.0	99.49988842975206	98.7246063131078	glires	547.0875423354439	315.0	13742	247	13330	.97001892009896667151	63722530	39735433	.62356960717033677099	GCF_001984765.1_C.can_genome_v1.0_cds_from_genomic.fna	GCA_009822645.1_ASM982264v1_genomic.fna
51338	99.71371251840965	100.0	99.526341563786	99.47315577437014	glires	502.51929307805597	297.0	13742	247	13329	.96994615048755639644	63722530	26872628	.42171313662530348371	GCF_001984765.1_C.can_genome_v1.0_cds_from_genomic.fna	GCA_900168385.1_bgp_v1_genomic.fna
59479	99.63382615524493	100.0	99.05252845528453	99.61065228714878	laurasiatheria	509.7267917665537	296.0	12222	249	12063	.98699067255768286696	100720797	21746603	.21590975893489008034	GCF_004115265.1_mRhiFer1_v1.p_cds_from_genomic.fna	GCA_000465495.1_ASM46549v1_genomic.fna
59479	99.54445470633765	100.0	99.06434285714288	99.28962466658835	laurasiatheria	512.4855657560005	289.0	12222	249	9019	.73793159875634102438	100720797	23214783	.23048649029256589381	GCF_004115265.1_mRhiFer1_v1.p_cds_from_genomic.fna	GCA_004115295.1_mRhiFer1_v1.h_genomic.fna
59479	99.64406880013262	100.0	99.1767601626016	99.61441856822499	laurasiatheria	565.3297775572645	325.0	12222	249	12063	.98699067255768286696	100720797	29904713	.29690703301325147377	GCF_004115265.1_mRhiFer1_v1.p_cds_from_genomic.fna	GCA_007922735.1_RhiFer_v1_BIUU_genomic.fna
59479	99.7247580363816	100.0	99.34308571428572	99.39397656481628	laurasiatheria	569.9620400365479	327.0	12222	249	12009	.98257241040746195385	100720797	36619259	.36357197411771870709	GCF_004115265.1_mRhiFer1_v1.p_cds_from_genomic.fna	GCA_014108255.1_mRhiFer1.p_genomic.fna
60711	99.55796903045498	100.0	98.54239583333334	98.25424721509792	primates	589.4054730027954	356.0	13749	245	13549	.98545348752636555385	129324543	49823479	.38525926977371959474	GCF_015252025.1_Vero_WHO_p1.0_cds_from_genomic.fna	GCA_000409795.2_Chlorocebus_sabeus_1.1_genomic.fna
60711	99.5991443382352	100.0	98.57294672131148	98.86346572701774	primates	593.5622794117647	358.0	13749	245	13558	.98610808058767910393	129324543	43575951	.33695035752030455657	GCF_015252025.1_Vero_WHO_p1.0_cds_from_genomic.fna	GCA_015251995.1_Vero_WHO_a1.0_genomic.fna
61156	99.72799023709908	100.0	99.32846938775512	95.23668659052419	glires	564.6750348675035	327.0	13784	249	13589	.98585316308763784097	75497370	86689637	1.14824711112453321221	GCF_011762505.1_mArvNil1.pat.X_cds_from_genomic.fna	GCA_011750645.1_mArvNil1.mat_genomic.fna
61156	99.76534912461395	100.0	99.28936585365857	95.26459707381528	glires	565.014197440047	327.0	13784	249	13560	.98374927452118398142	75497370	86420620	1.14468384792741786899	GCF_011762505.1_mArvNil1.pat.X_cds_from_genomic.fna	GCA_011762545.1_mArvNil1.pat_genomic.fna
89462	99.67060819335732	100.0	99.47931836734696	99.35025201100704	cetartiodactyla	548.4683438473817	318.0	13314	247	13116	.98512843623253717890	140270855	34581298	.24653231064999211703	GCF_019923935.1_NDDB_SH_1_cds_from_genomic.fna	GCA_000180995.3_Bubalus_bubalis_Jaffrabadi_v3.0_genomic.fna
89462	99.65833988465705	100.0	99.42571138211383	99.07688475700527	cetartiodactyla	547.9524965852178	320.0	13314	247	13137	.98670572329878323569	140270855	38397638	.27373924540489897206	GCF_019923935.1_NDDB_SH_1_cds_from_genomic.fna	GCA_000471725.1_UMD_CASPUR_WB_2.0_genomic.fna
89462	98.68781085184611	99.057	98.50536956521734	98.28805780441976	cetartiodactyla	260.0662458046987	211.0	13314	247	12474	.93690851735015772870	140270855	19796605	.14113127776971203319	GCF_019923935.1_NDDB_SH_1_cds_from_genomic.fna	GCA_002993835.1_ASM299383v1_genomic.fna
89462	99.66994058279006	100.0	99.45715573770492	98.09890505092676	cetartiodactyla	549.2481408407953	319.0	13314	247	13137	.98670572329878323569	140270855	51696701	.36854912590359558298	GCF_019923935.1_NDDB_SH_1_cds_from_genomic.fna	GCA_003121395.1_UOA_WB_1_genomic.fna
89462	99.64404112192156	100.0	99.45994693877552	98.92910962554627	cetartiodactyla	512.6607631498936	293.5	13314	247	13116	.98512843623253717890	140270855	39568364	.28208542679803299124	GCF_019923935.1_NDDB_SH_1_cds_from_genomic.fna	GCA_004794615.1_Bubbub1.0_genomic.fna
89462	99.67055121839454	100.0	99.46051851851851	97.92462502471747	cetartiodactyla	560.9735696279887	320.0	13314	247	13050	.98017124831004957187	140270855	53464864	.38115447432041388783	GCF_019923935.1_NDDB_SH_1_cds_from_genomic.fna	GCA_019923925.1_NDDB_DH_1_genomic.fna
89462	100.0	100.0		92.45940000000003	cetartiodactyla	116.0	116.0	13314	247	1	.00007510890791647889	140270855	3970	.00002830238683581133	GCF_019923935.1_NDDB_SH_1_cds_from_genomic.fna	GCA_905249985.1_Buffalo_MAGs_genomic.fna
89673	99.39800786988478	99.861	98.53790416666662	98.91567673808682	laurasiatheria	535.697621545995	306.0	12206	248	11375	.93191872849418318859	96407976	33976123	.35242024995940169929	GCF_004126475.2_mPhyDis1.pri.v3_cds_from_genomic.fna	GCA_004115245.2_mPhyDis1.alti.v3_genomic.fna
89673	99.57422883466158	100.0	98.76733333333331	99.07387764685448	laurasiatheria	556.2948207171315	318.0	12206	248	11984	.98181222349664099623	96407976	37343612	.38734981844240771116	GCF_004126475.2_mPhyDis1.pri.v3_cds_from_genomic.fna	GCA_014049915.1_MPI-CBG_DAmar_mPhyDis1.p_v1.0_genomic.fna
494514	99.70798663120311	100.0	99.36556066945604	99.69922353504614	carnivora	553.8579827815497	329.0	14467	247	14195	.98119858989424206815	113200182	29600766	.26149044530688122038	GCF_018345385.1_ASM1834538v1_cds_from_genomic.fna	GCA_004023825.1_VulLag_v1_BIUU_genomic.fna
494514	99.6808388001124	100.0	99.26095041322313	98.75691145184317	carnivora	547.8094336977853	324.0	14467	247	14185	.98050736158153037948	113200182	42667095	.37691719435574759058	GCF_018345385.1_ASM1834538v1_cds_from_genomic.fna	GCA_018835635.1_NRM_Vlagopus_v1_genomic.fna
