7757	99.71810992487138	100.0	99.74969590643275	96.16022699247483	vertebrata	400.56148675365756	239.0	3194	241	2471	.77363807138384470882	97020597	27692413	.28542818593458046851	GCF_010993605.1_kPetMar1.pri_cds_from_genomic.fna	GCA_000148955.1_Petromyzon_marinus-7.0_genomic.fna
7757	99.70534878369493	100.0	99.76903181818179	95.52536840566832	vertebrata	387.5884286653517	244.0	3194	241	2974	.93112085159674389480	97020597	39496715	.40709618597791147378	GCF_010993605.1_kPetMar1.pri_cds_from_genomic.fna	GCA_002833325.1_Pmar_germline_1.0_genomic.fna
7757	99.58082115384617	100.0	99.69304878048779	95.75837434328876	vertebrata	438.91653846153844	259.5	3194	241	2537	.79430181590482154038	97020597	46951018	.48392835595517929043	GCF_010993605.1_kPetMar1.pri_cds_from_genomic.fna	GCA_010993595.1_kPetMar1.alt_genomic.fna
7906	99.65507056508285	99.876	99.71510548523207	98.776374464132	actinopterygii	453.46668540905256	260.0	3618	243	3545	.97982310668877833056	134064577	46922701	.35000073882305241600	GCF_010645085.1_ASM1064508v1_cds_from_genomic.fna	GCA_004119895.1_ASM411989v1_genomic.fna
7906	99.71266338305668	100.0	99.79894936708862	96.46970986764408	actinopterygii	463.7036307345905	265.0	3618	243	3541	.97871752349364289662	134064577	94591465	.70556643012419305958	GCF_010645085.1_ASM1064508v1_cds_from_genomic.fna	GCA_902713425.1_fAciRut3.1_maternal_haplotype_genomic.fna
7906					actinopterygii			3618	243	0	0	134064577	0	0	GCF_010645085.1_ASM1064508v1_cds_from_genomic.fna	GCA_902713435.2_fAciRut3.2_genomic.fna
7936	99.39954667038153	99.573	99.57516736401675	98.8420285628076	actinopterygii	377.2761214823071	240.0	3629	243	3573	.98456875172223753100	129893019	27835122	.21429267110959981613	GCF_013347855.1_fAngAng1.pri_cds_from_genomic.fna	GCA_000695075.1_Anguilla_anguilla_v1_09_nov_10_genomic.fna
7936	99.41985923423442	99.576	99.54408510638302	97.07404118878684	actinopterygii	465.8445945945946	268.0	3629	243	3544	.97657756957839625241	129893019	71769409	.55252706844853609877	GCF_013347855.1_fAngAng1.pri_cds_from_genomic.fna	GCA_013347865.1_fAngAng1.alt_genomic.fna
7936	99.53988687150866	99.71549999999999	99.61631666666668	96.89326280738362	actinopterygii	412.5268156424581	254.0	3629	243	3571	.98401763571231744282	129893019	72440159	.55769093333645590299	GCF_013347855.1_fAngAng1.pri_cds_from_genomic.fna	GCA_018320845.1_ANANG_Geno_1.0_genomic.fna
7950	99.73274468680073	100.0	99.78474688796685	98.7620178891719	actinopterygii	470.4043624161074	270.0	3629	245	3565	.98236428768255717828	100894910	47833040	.47408774139349546969	GCF_900700415.2_Ch_v2.0.2_cds_from_genomic.fna	GCA_000966335.1_ASM96633v1_genomic.fna
7950	99.73196526610626	100.0	99.78780416666672	98.72973086145127	actinopterygii	470.9288515406162	270.0	3629	245	3559	.98071093965279691375	100894910	48140218	.47713227555284999015	GCF_900700415.2_Ch_v2.0.2_cds_from_genomic.fna	GCA_900323705.1_C.harengus_genomic.fna
7950	99.73151218146157	100.0	99.78480833333337	98.72950952605235	actinopterygii	470.75637076449175	270.0	3629	245	3560	.98098649765775695783	100894910	48081250	.47654782585167081272	GCF_900700415.2_Ch_v2.0.2_cds_from_genomic.fna	GCA_902175115.3_ChASM_A3_genomic.fna
7957	99.61711077008928	100.0	99.64826141078836	99.02605522827221	actinopterygii	461.53348214285717	266.0	3631	245	3582	.98650509501514734232	210277965	57790081	.27482708899146898249	GCF_003368295.1_ASM336829v1_cds_from_genomic.fna	GCA_013115835.1_ASM1311583v1_genomic.fna
7957	99.50989867344067	100.0	99.59918987341769	95.60594046980489	actinopterygii	449.72142252328536	262.0	3631	245	3541	.97521343982374001652	210277965	146544050	.69690635440570294657	GCF_003368295.1_ASM336829v1_cds_from_genomic.fna	GCA_014332655.1_ASM1433265v1_genomic.fna
7957	99.45236488378593	99.752	99.54699999999997	96.70745148037285	actinopterygii	436.44973396807615	261.0	3631	245	3569	.98292481410079867805	210277965	116845983	.55567392903008168259	GCF_003368295.1_ASM336829v1_cds_from_genomic.fna	GCA_019720715.1_ASM1972071v1_genomic.fna
7957	99.55674371157083	99.7065	99.62859999999995	98.6770754017059	actinopterygii	464.45835662381216	266.0	3631	245	3576	.98485265767006334343	210277965	79419000	.37768579318332284602	GCF_003368295.1_ASM336829v1_cds_from_genomic.fna	GCA_009069565.1_ASM906956v1_genomic.fna
7962	99.6633700254022	100.0	99.66135443037976	98.24939367479854	actinopterygii	416.9184307084392	254.0	3633	243	3534	.97274979355904211395	167002264	70277272	.42081628306547987876	GCF_018340385.1_ASM1834038v1_cds_from_genomic.fna	GCA_000951615.2_common_carp_genome_genomic.fna
7962	99.59279401063517	100.0	99.69699579831939	99.22872670456296	actinopterygii	458.2980688497061	263.0	3633	243	3564	.98100743187448389760	167002264	60514474	.36235720732504560536	GCF_018340385.1_ASM1834038v1_cds_from_genomic.fna	GCA_001270105.1_ASM127010v1_genomic.fna
7962	99.57238670019524	99.89	99.58137916666674	98.62216529297228	actinopterygii	462.3417155630064	263.0	3633	243	3570	.98265895953757225433	167002264	77180686	.46215353104434560240	GCF_018340385.1_ASM1834038v1_cds_from_genomic.fna	GCA_004011555.1_German_Mirror_carp_1.0_genomic.fna
7962	99.35262109374978	99.535	99.42418333333333	98.52063546245111	actinopterygii	460.13783482142856	263.0	3633	243	3575	.98403523259014588494	167002264	74568749	.44651340175843364614	GCF_018340385.1_ASM1834038v1_cds_from_genomic.fna	GCA_004011575.1_Hunaghe_carp_2.0_genomic.fna
7962	99.30038721384668	99.5185	99.36424267782428	98.50682404575193	actinopterygii	452.8101619207147	264.0	3633	243	3572	.98320946875860170657	167002264	71609346	.42879266594852869779	GCF_018340385.1_ASM1834038v1_cds_from_genomic.fna	GCA_004011595.1_Hebao_red_carp_1.0_genomic.fna
7962	99.65985458612964	100.0	99.7128702928871	97.62705325592488	actinopterygii	464.4152684563758	265.0	3633	243	3567	.98183319570602807597	167002264	98147976	.58770446369517481511	GCF_018340385.1_ASM1834038v1_cds_from_genomic.fna	GCA_905221575.1_Cypcar_WagV4.0_genomic.fna
7994	99.68762759977517	99.799	99.72836554621851	98.53243820157559	actinopterygii	462.46936481169195	266.0	3629	242	3549	.97795535960319647285	88363460	41919078	.47439380486006319806	GCF_000372685.2_Astyanax_mexicanus-2.0_cds_from_genomic.fna	GCA_004802775.1_Astyanax_mexicanus-1.0.2_genomic.fna
7994	99.69347459519821	99.791	99.74195397489542	90.04181774766512	actinopterygii	466.1842546063652	269.0	3629	242	3573	.98456875172223753100	88363460	310052743	3.50883434170640217121	GCF_000372685.2_Astyanax_mexicanus-2.0_cds_from_genomic.fna	GCA_019721115.1_AMEX_1.1_genomic.fna
8005	99.62746423601453	99.695	99.68118518518519	99.21347732722259	actinopterygii	459.9638185360423	263.0	3637	247	3585	.98570250206213912565	98118515	38323320	.39058194062557917840	GCF_013358815.1_fEleEle1.pri_cds_from_genomic.fna	GCA_003665695.2_Ee_SOAP_WITH_SSPACE_genomic.fna
8005	99.93697562776948	100.0	99.94258757062147	98.85943198446662	actinopterygii	460.1728212703102	260.0	3637	247	2702	.74291998900192466318	98118515	34957057	.35627380826136636902	GCF_013358815.1_fEleEle1.pri_cds_from_genomic.fna	GCA_013347915.1_fEleEle1.alt_genomic.fna
8010	99.8119802448524	100.0	99.85172427983538	98.17360529890868	actinopterygii	467.32359488035615	270.0	3638	247	3583	.98488180318856514568	132607395	54201795	.40873885653209611726	GCF_011004845.1_fEsoLuc1.pri_cds_from_genomic.fna	GCA_000721915.3_Eluc_V3_genomic.fna
8010	99.82312708565055	100.0	99.84246090534978	96.70134676046403	actinopterygii	472.9546718576196	271.0	3638	247	3592	.98735568993952721275	132607395	80171916	.60458103411201162650	GCF_011004845.1_fEsoLuc1.pri_cds_from_genomic.fna	GCA_004634155.1_Eluc_v4_genomic.fna
8010	99.92161677814934	100.0	99.92925102880658	98.1545385341055	actinopterygii	470.3690078037904	271.0	3638	247	3584	.98515667949422759758	132607395	57505159	.43364971463318467269	GCF_011004845.1_fEsoLuc1.pri_cds_from_genomic.fna	GCA_007844535.1_INRA_Eluc_1.0_genomic.fna
8010	99.86471224165325	100.0	99.88980434782607	97.54907757101604	actinopterygii	445.0739268680445	265.0	3638	247	2512	.69048927982407916437	132607395	45619829	.34402175685601847468	GCF_011004845.1_fEsoLuc1.pri_cds_from_genomic.fna	GCA_011004835.1_fEsoLuc1.alt_genomic.fna
8022	99.75738274026322	100.0	99.81113991769546	96.9197348412077	actinopterygii	461.9179041748389	268.0	3638	246	3565	.97993402968664101154	221882879	104460216	.47078988911082229107	GCF_013265735.2_USDA_OmykA_1.1_cds_from_genomic.fna	GCA_002163495.1_Omyk_1.0_genomic.fna
8022	99.72463795578504	100.0	99.75346443514644	98.52533113114909	actinopterygii	452.1719781797301	264.0	3638	246	3479	.95629466739967014843	221882879	60200840	.27131809480442157053	GCF_013265735.2_USDA_OmykA_1.1_cds_from_genomic.fna	GCA_900005705.1_AUL_PRJEB4421_v1_genomic.fna
8022					actinopterygii			3638	246	0	0	221882879	0	0	GCF_013265735.2_USDA_OmykA_1.1_cds_from_genomic.fna	GCA_905477455.1_MSM_MAG_01_genomic.fna
8030	99.8926154276132	100.0	99.83283196721314	97.36335040015284	actinopterygii	472.8124650642817	272.0	3636	247	3573	.98267326732673267326	214836235	115854618	.53926944865702007857	GCF_905237065.1_Ssal_v3.1_cds_from_genomic.fna	GCA_000233375.4_ICSASG_v2_genomic.fna
8030	99.85875202683835	100.0	99.76707346938778	96.3490778191973	actinopterygii	475.4816885658373	271.0	3636	247	3572	.98239823982398239823	214836235	167691848	.78055663189219453599	GCF_905237065.1_Ssal_v3.1_cds_from_genomic.fna	GCA_021399835.1_USDA_NASsal_1.1_genomic.fna
8030					actinopterygii			3636	247	0	0	214836235	0	0	GCF_905237065.1_Ssal_v3.1_cds_from_genomic.fna	GCA_905477595.1_MSS_MAG_01_genomic.fna
8049	99.87658237440368	100.0	99.87176348547719	98.57214126128805	actinopterygii	408.0797081111423	255.0	3612	245	3542	.98062015503875968992	98494734	30632875	.31101028203193076291	GCF_902167405.1_gadMor3.0_cds_from_genomic.fna	GCA_000231765.1_GadMor_May2010_genomic.fna
8049	99.72291825842697	100.0	99.72395867768597	96.5038609086098	actinopterygii	423.4693820224719	265.0	3612	245	3539	.97978959025470653377	98494734	68480509	.69527076442482701664	GCF_902167405.1_gadMor3.0_cds_from_genomic.fna	GCA_010882105.1_gadMor_Celtic_genomic.fna
8049	99.85308434758005	100.0	99.8855833333333	98.9319807296451	actinopterygii	405.07812057741296	254.0	3612	245	3512	.97231450719822812846	98494734	27004520	.27417222122758359853	GCF_902167405.1_gadMor3.0_cds_from_genomic.fna	GCA_900302565.1_ASM90030256v1_genomic.fna
8049	99.74284011799416	100.0	99.7912270742358	97.14025280292245	actinopterygii	441.46873156342184	266.0	3612	245	3368	.93244739756367663344	98494734	60690508	.61618023152384979282	GCF_902167405.1_gadMor3.0_cds_from_genomic.fna	GCA_902167395.1_gadMor3.0_alternate_haplotype_genomic.fna
8049	99.73422515038666	100.0	99.78448917748915	98.35357191382897	actinopterygii	425.25665998281295	261.0	3612	245	3469	.96040974529346622369	98494734	40765470	.41388476667189131146	GCF_902167405.1_gadMor3.0_cds_from_genomic.fna	GCA_905250895.1_gadMor_Stat_genomic.fna
8103	99.9278778824293	100.0	99.9176985645933	99.12086633283553	actinopterygii	442.4446248782072	263.0	3621	242	3068	.84727975697321181993	79673899	38270718	.48034197497978604009	GCF_009769545.1_fCycLum1.pri_cds_from_genomic.fna	GCA_009769515.1_fCycLum1.alt_genomic.fna
8103	99.93614928310382	100.0	99.90748936170212	99.02037207073626	actinopterygii	457.9738543716615	268.0	3621	242	3545	.97901132283899475283	79673899	45442771	.57035957283827668581	GCF_009769545.1_fCycLum1.pri_cds_from_genomic.fna	GCA_021186565.1_lmpF_NL_genomic.fna
8128	99.97668105849583	100.0	99.96806611570247	98.02748302926095	actinopterygii	469.85515320334264	268.0	3639	246	3588	.98598516075845012366	130863683	57402839	.43864606041998680413	GCF_001858045.2_O_niloticus_UMD_NMBU_cds_from_genomic.fna	GCA_000188235.2_Orenil1.1_genomic.fna
8128	99.85037618516455	100.0	99.86229752066117	94.06616596675453	actinopterygii	462.62883435582825	267.0	3639	246	3584	.98488595768068150590	130863683	193570899	1.47917966667650642233	GCF_001858045.2_O_niloticus_UMD_NMBU_cds_from_genomic.fna	GCA_013350305.1_XX_nile_genomic.fna
8128	99.81129334817706	100.0	99.8027975206612	93.89862698069194	actinopterygii	464.69885889229056	267.0	3639	246	3591	.98680956306677658697	130863683	180710488	1.38090632830500422336	GCF_001858045.2_O_niloticus_UMD_NMBU_cds_from_genomic.fna	GCA_922820385.1_Nile_Tilapia_GIFT_genomic.fna
8153	99.97605437813718	100.0	99.96102083333334	99.61750732953372	actinopterygii	470.6963190184049	268.0	3632	245	3583	.98650881057268722466	111231456	41334222	.37160551058506327562	GCF_018398535.1_NCSU_Asbu1_cds_from_genomic.fna	GCA_000239415.1_AstBur1.0_genomic.fna
8153	99.71420481253493	99.8745	99.74057563025211	99.55453840961279	actinopterygii	440.1731952993844	261.0	3632	245	3572	.98348017621145374449	111231456	29419714	.26449095478890431857	GCF_018398535.1_NCSU_Asbu1_cds_from_genomic.fna	GCA_015108015.1_IZA1.scf_genomic.fna
8153	99.87673786135286	100.0	99.87287500000001	99.6827202256441	actinopterygii	441.03087285994945	259.0	3632	245	3560	.98017621145374449339	111231456	26667663	.23974929358112510906	GCF_018398535.1_NCSU_Asbu1_cds_from_genomic.fna	GCA_015110255.1_JYD5.scf_genomic.fna
8168	99.92623628219486	100.0	99.92981512605043	98.98116550665584	actinopterygii	463.2060470324748	269.0	3632	243	3568	.98237885462555066079	109692784	42236950	.38504766184072782763	GCF_010015445.1_GENO_Pfluv_1.0_cds_from_genomic.fna	GCA_003412525.1_UTU_Pfluv_1.1_genomic.fna
8168	99.93116657223797	100.0	99.93289956331878	99.26930085852307	actinopterygii	448.8240793201133	261.0	3632	243	3526	.97081497797356828193	109692784	23386976	.21320432527266333216	GCF_010015445.1_GENO_Pfluv_1.0_cds_from_genomic.fna	GCA_900302645.1_ASM90030264v1_genomic.fna
8175	99.80110623427446	100.0	99.76978008298757	99.34180734183673	actinopterygii	469.06318143695836	267.0	3631	245	3572	.98375103277334067749	120717200	37639566	.31179952815340316044	GCF_900880675.1_fSpaAur1.1_cds_from_genomic.fna	GCA_003309015.1_ASM330901v1_genomic.fna
8175	99.80448891031838	100.0	99.75432499999997	98.47936589633758	actinopterygii	442.0456444873031	261.0	3631	245	3107	.85568713852933076287	120717200	47198860	.39098703415917532878	GCF_900880675.1_fSpaAur1.1_cds_from_genomic.fna	GCA_900880695.1_fSpaAur1.1_alternate_haplotype_genomic.fna
8177	99.845893918356	100.0	99.86337603305783	98.21541519077019	actinopterygii	460.2349347403499	267.0	3639	245	3596	.98818356691398735916	123888496	65544531	.52906067242918180232	GCF_904848185.1_fAcaLat1.1_cds_from_genomic.fna	GCA_013436515.1_ASM1343651v1_genomic.fna
8177	99.98247556912825	100.0	99.9665991735537	98.51356867101126	actinopterygii	473.82315380344255	270.0	3639	245	3597	.98845836768342951360	123888496	62081824	.50111048244544029334	GCF_904848185.1_fAcaLat1.1_cds_from_genomic.fna	GCA_020080195.1_ASM2008019v1_genomic.fna
8177	99.54625925925926	100.0	99.8303	96.36619895067851	actinopterygii	427.1388888888889	238.0	3639	245	108	.02967848309975267930	123888496	5494038	.04434663570377026774	GCF_904848185.1_fAcaLat1.1_cds_from_genomic.fna	GCA_904848175.1_fAcaLat1.1_alternate_haplotype_genomic.fna
8187	99.80778631284912	100.0	99.78601244813277	99.53550572394852	actinopterygii	461.19972067039106	267.0	3636	246	3574	.98294829482948294829	89885374	37389614	.41596994412016353183	GCF_001640805.1_ASM164080v1_cds_from_genomic.fna	GCA_001010145.1_ASM101014v1_genomic.fna
8187	99.98018217270196	100.0	99.9834173553719	99.06945511063999	actinopterygii	458.8704735376045	267.0	3636	246	3584	.98569856985698569856	89885374	49923506	.55541300857245139793	GCF_001640805.1_ASM164080v1_cds_from_genomic.fna	GCA_900066035.1_ASB_HGAPassembly_v1_genomic.fna
8187	99.95508223407244	100.0	99.95673333333335	98.78594450999853	actinopterygii	459.3064833005894	267.0	3636	246	3557	.97827282728272827282	89885374	48540354	.54002505457673236137	GCF_001640805.1_ASM164080v1_cds_from_genomic.fna	GCA_900066045.1_ASB_FALCONassembly_v1_genomic.fna
8236	99.64667010309289	99.808	99.66059583333335	99.27641274927274	actinopterygii	450.70437447757035	261.0	3638	245	3586	.98570643210555250137	108142301	33356813	.30845296143643179924	GCF_914725855.1_fThuAlb1.1_cds_from_genomic.fna	GCA_900302625.1_ASM90030262v1_genomic.fna
8236	99.63978164116834	99.808	99.62869008264465	97.37990618913712	actinopterygii	467.252016689847	269.0	3638	245	3592	.98735568993952721275	108142301	72485375	.67027772046389136846	GCF_914725855.1_fThuAlb1.1_cds_from_genomic.fna	GCA_914744365.1_fThuAlb1.1_alternate_haplotype_genomic.fna
8407	99.1862416212003	99.362	99.28344782608697	97.38223931184712	tetrapoda	528.2638347622759	283.5	5250	240	5070	.96571428571428571428	89362325	26926117	.30131397096035717512	GCF_905171775.1_aRanTem1.1_cds_from_genomic.fna	GCA_009802015.1_UCB_Rtem_1.0_genomic.fna
8407	99.54474828421463	99.8325	99.64422421524671	94.17272459477063	tetrapoda	542.7616067823981	290.0	5250	240	4894	.93219047619047619047	89362325	96901162	1.08436258792505678427	GCF_905171775.1_aRanTem1.1_cds_from_genomic.fna	GCA_905171725.1_aRanTem1.1_alternate_haplotype_genomic.fna
8469	99.77591206709967	100.0	99.67228215767636	98.83604377303632	sauropsida	554.9257305194806	285.0	7472	247	7376	.98715203426124197002	154528462	37980896	.24578576340195503919	GCF_015237465.2_rCheMyd1.pri.v2_cds_from_genomic.fna	GCA_000344595.1_CheMyd_1.0_genomic.fna
8469	99.79161839863735	100.0	99.65453424657532	98.02985408819717	sauropsida	561.4646120489391	291.0	7472	247	6444	.86241970021413276231	154528462	41969454	.27159691785452443058	GCF_015237465.2_rCheMyd1.pri.v2_cds_from_genomic.fna	GCA_015220195.2_rCheMyd1.alt.v2_genomic.fna
8496	99.96615746753241	100.0	99.96021666666667	99.52170088440882	sauropsida	572.5905032467532	287.0	7466	243	7374	.98767747120278596303	84989666	33811738	.39783352013643635215	GCF_000281125.3_ASM28112v4_cds_from_genomic.fna	GCA_001541155.1_Algmis_Hirise_1.0_genomic.fna
8496	99.9661986218078	100.0	99.96021666666667	99.65586158682478	sauropsida	572.2656397784083	287.0	7466	243	7383	.98888293597642646664	84989666	28173150	.33148912480724421249	GCF_000281125.3_ASM28112v4_cds_from_genomic.fna	GCA_001541185.1_Algmis_1.0_genomic.fna
8790	99.83661130656316	100.0	99.78992050209207	99.76833178818501	aves	551.1418172995269	276.0	8327	245	8215	.98654977783115167527	63208553	24467639	.38709380042286365897	GCF_003342905.1_droNov1_cds_from_genomic.fna	GCA_013396795.1_ASM1339679v1_genomic.fna
8790	99.85339274007501	100.0	99.80548962655602	99.1373425243951	aves	552.2407429889523	277.0	8327	245	8210	.98594932148432808934	63208553	30061981	.47559989231204201114	GCF_003342905.1_droNov1_cds_from_genomic.fna	GCA_016128335.1_ZJU1.0_genomic.fna
8790	99.83021129503406	100.0	99.80658995815898	99.68035642650165	aves	516.5411392405064	271.0	8327	245	8189	.98342740482766902846	63208553	17346666	.27443542332000544293	GCF_003342905.1_droNov1_cds_from_genomic.fna	GCA_020892015.1_emu_female_v2.2_1_genomic.fna
8790	99.83228855782136	100.0	99.80489958158996	99.68461256175686	aves	513.3547441690072	271.0	8327	245	8162	.98018494055482166446	63208553	17063056	.26994853054142846775	GCF_003342905.1_droNov1_cds_from_genomic.fna	GCA_020892035.1_emu_female_v2.2_2_genomic.fna
8790	99.83333422168366	100.0	99.80918750000001	99.75076561386278	aves	553.3122955784373	279.0	8327	245	8227	.98799087306352828149	63208553	25155459	.39797555561824046185	GCF_003342905.1_droNov1_cds_from_genomic.fna	GCA_020892055.1_emu_male_v1.2_genomic.fna
8839	99.74899210110623	100.0	99.77759493670884	99.56502700473253	aves	518.865232713574	267.0	8330	243	8207	.98523409363745498199	100214049	23901279	.23850227825841065457	GCF_015476345.1_ZJU1.0_cds_from_genomic.fna	GCA_000355885.1_BGI_duck_1.0_genomic.fna
8839	99.64353033980576	99.86699999999999	99.7113221757322	99.23712621989586	aves	551.5906553398058	285.0	8330	243	8217	.98643457382953181272	100214049	29999195	.29935119176753351219	GCF_015476345.1_ZJU1.0_cds_from_genomic.fna	GCA_002224895.1_ASM222489v1_genomic.fna
8839	99.80481895473862	100.0	99.77492951541852	99.23373265918673	aves	539.3694673668417	284.0	8330	243	7976	.95750300120048019207	100214049	30989970	.30923777962509029048	GCF_015476345.1_ZJU1.0_cds_from_genomic.fna	GCA_003850225.1_IASCAAS_PekingDuck_PBH1.5_genomic.fna
8839					aves			8330	243	0	0	100214049	0	0	GCF_015476345.1_ZJU1.0_cds_from_genomic.fna	GCA_008746955.1_CAU__Wild1.0_genomic.fna
8839	99.76447440729507	100.0	99.7308170212766	96.48588091342862	aves	521.6480243161094	283.0	8330	243	8202	.98463385354141656662	100214049	65650994	.65510768854374899072	GCF_015476345.1_ZJU1.0_cds_from_genomic.fna	GCA_017639285.1_CAU_Pekin_2.0_genomic.fna
8839	99.71691491430663	100.0	99.68431223628691	97.76594227261103	aves	521.7283335359183	281.0	8330	243	8204	.98487394957983193277	100214049	48750491	.48646363944440564416	GCF_015476345.1_ZJU1.0_cds_from_genomic.fna	GCA_017639305.1_CAU_Laying_1.0_genomic.fna
8839	99.75035387238229	100.0	99.77051709401708	99.021933031849	aves	518.9168290306868	267.0	8330	243	8190	.98319327731092436974	100214049	26238301	.26182258138277598183	GCF_015476345.1_ZJU1.0_cds_from_genomic.fna	GCA_900411745.1_duckbase.refseq.v4_genomic.fna
8839	99.7754274438374	100.0	99.75286016949151	99.64544255743306	aves	547.9752276867031	285.0	8330	243	8212	.98583433373349339735	100214049	26025254	.25969666189218639394	GCF_015476345.1_ZJU1.0_cds_from_genomic.fna	GCA_002743455.1_CAU_duck1.0_genomic.fna
8845	99.76398724644734	100.0	99.78423728813554	99.68574445148975	aves	528.8173205392931	274.0	8313	239	8190	.98520389750992421508	62993785	23707138	.37634090410665115614	GCF_000971095.1_AnsCyg_PRJNA183603_v1.0_cds_from_genomic.fna	GCA_002166845.1_GooseV1.0_genomic.fna
8845	99.71331805471084	100.0	99.76023504273502	99.56056241298194	aves	495.35562310030394	269.0	8313	239	8187	.98484301696138578130	62993785	23927560	.37984001120110499789	GCF_000971095.1_AnsCyg_PRJNA183603_v1.0_cds_from_genomic.fna	GCA_013030995.1_ASM1303099v1_genomic.fna
8868	96.90737531486168	97.315	97.02000000000001	95.86381350874713	aves	137.5281276238455	133.0	8321	247	1179	.14168970075712053839	72249415	403327	.00558242582310182027	GCF_013377495.1_Cygnus_atratus_primary_v1.0_cds_from_genomic.fna	GCA_907166815.1_blackswan2.fasta.gz_genomic.fna
8868	96.74874913852523	97.037	96.92130769230766	95.53909311195876	aves	138.99172984148862	135.0	8321	247	1440	.17305612306213195529	72249415	527239	.00729748469243661004	GCF_013377495.1_Cygnus_atratus_primary_v1.0_cds_from_genomic.fna	GCA_907166825.1_blackswan6.fasta.gz_genomic.fna
8868	96.42053248587565	96.748	97.46685185185186	95.22580868167175	aves	140.99505649717514	136.0	8321	247	1408	.16921043143852902295	72249415	517973	.00716923451906150381	GCF_013377495.1_Cygnus_atratus_primary_v1.0_cds_from_genomic.fna	GCA_907166835.1_blackswan7.fasta.gz_genomic.fna
8868	96.34574061433447	96.7265	96.82560000000001	95.08735833333348	aves	138.48805460750853	134.0	8321	247	576	.06922244922485278211	72249415	197863	.00273861040950989014	GCF_013377495.1_Cygnus_atratus_primary_v1.0_cds_from_genomic.fna	GCA_907166845.1_blackswan3.fasta.gz_genomic.fna
8868	96.93325623858806	97.458	97.05332432432432	95.75118759409813	aves	138.73097991479003	135.0	8321	247	1634	.19637062853022473260	72249415	589763	.00816287578245443233	GCF_013377495.1_Cygnus_atratus_primary_v1.0_cds_from_genomic.fna	GCA_907166935.1_blackswan5.fasta.gz_genomic.fna
8868	96.46720669145003	96.8	96.92553846153845	95.28117603133819	aves	139.7263940520446	135.0	8321	247	1340	.16103833673837279173	72249415	495888	.00686355730354356502	GCF_013377495.1_Cygnus_atratus_primary_v1.0_cds_from_genomic.fna	GCA_910591715.1_blackswan9.fasta.gz_genomic.fna
8868	96.77517955957096	97.059	97.25876470588236	95.66481698732913	aves	139.6651609260305	135.0	8321	247	1760	.21151303929816127869	72249415	626996	.00867821559524045973	GCF_013377495.1_Cygnus_atratus_primary_v1.0_cds_from_genomic.fna	GCA_910591725.1_blackswan10.fasta.gz_genomic.fna
8868	96.50908315098486	96.825	95.92863636363636	95.34155945489475	aves	141.15754923413567	137.0	8321	247	1359	.16332171613988703280	72249415	492268	.00681345309162710867	GCF_013377495.1_Cygnus_atratus_primary_v1.0_cds_from_genomic.fna	GCA_910591735.1_blackswan8.fasta.gz_genomic.fna
8868	97.06995047923328	97.5185	97.17303030303026	95.8491619657384	aves	139.61182108626198	135.0	8321	247	1861	.22365100348515803389	72249415	675361	.00934763278014084958	GCF_013377495.1_Cygnus_atratus_primary_v1.0_cds_from_genomic.fna	GCA_910591745.1_blackswan1.fasta.gz_genomic.fna
8954	99.97311755744572	100.0	99.9288779342723	99.87931214675872	aves	538.1107020439254	276.0	8320	240	7853	.94387019230769230769	63802615	22751866	.35659770371480855447	GCF_000337955.1_F_peregrinus_v1.0_cds_from_genomic.fna	GCA_001887755.1_falPer2_genomic.fna
8954	99.9131933527415	100.0	99.89412340425532	99.84913041022484	aves	537.0795730228044	276.0	8320	240	8219	.98786057692307692307	63802615	22655284	.35508394130867520085	GCF_000337955.1_F_peregrinus_v1.0_cds_from_genomic.fna	GCA_012488915.1_Fperegrinus_1.0_genomic.fna
8962	99.90201434127385	100.0	99.92033195020745	99.70197788930342	aves	542.8028682547399	276.0	8328	247	8215	.98643131604226705091	116725268	26592713	.22782310510522880101	GCF_900496995.4_bAquChr1.4_cds_from_genomic.fna	GCA_000696035.1_AquilaChrysaetos1_genomic.fna
8962	99.89954769417498	100.0	99.92501244813276	99.70082539204805	aves	554.9446601941747	281.0	8328	247	8227	.98787223823246878001	116725268	28437315	.24362604162108242064	GCF_900496995.4_bAquChr1.4_cds_from_genomic.fna	GCA_000766835.1_Aquila_chrysaetos-1.0.2_genomic.fna
8962	99.95436209663033	100.0	99.92661392405064	99.66295052481483	aves	510.02620788019254	273.0	8328	247	5601	.67255043227665706051	116725268	19084392	.16349837808896699213	GCF_900496995.4_bAquChr1.4_cds_from_genomic.fna	GCA_902153765.2_bAquChr1.4_alternate_haplotype_genomic.fna
8962	99.90223376623386	100.0	99.89814814814812	99.81061874829253	aves	559.2864425294332	288.0	8328	247	8226	.98775216138328530259	116725268	25937453	.22220941056224432913	GCF_900496995.4_bAquChr1.4_cds_from_genomic.fna	GCA_012057345.1_Achrysaetos_1.0_genomic.fna
8969	99.9085244363194	100.0	99.90269298245613	99.86624181082803	aves	503.31310176721513	260.0	8293	231	8083	.97467743880381044254	29379823	17405616	.59243433835527191569	GCF_000691405.1_ASM69140v1_cds_from_genomic.fna	GCA_004320185.1_Haliaeetus_albicilla_ver1.0_genomic.fna
8969	99.91344021937856	100.0	99.90612280701754	99.83266980131998	aves	505.14210847044484	260.0	8293	231	8083	.97467743880381044254	29379823	18948594	.64495262616115828880	GCF_000691405.1_ASM69140v1_cds_from_genomic.fna	GCA_013398555.1_ASM1339855v1_genomic.fna
9031	99.74930559941677	100.0	99.76142738589215	96.87625891363864	aves	552.9957488157415	287.0	8327	246	8213	.98630959529242224090	151270192	63014749	.41657082711972759312	GCF_016699485.2_bGalGal1.mat.broiler.GRCg7b_cds_from_genomic.fna	GCA_000002315.5_GRCg6a_genomic.fna
9031	99.7501755919854	100.0	99.76148333333337	99.21448246284626	aves	551.8794171220401	285.0	8327	246	8215	.98654977783115167527	151270192	31924155	.21104061929134062314	GCF_016699485.2_bGalGal1.mat.broiler.GRCg7b_cds_from_genomic.fna	GCA_002798355.1_Ogye1.0_genomic.fna
9031					aves			8327	246	0	0	151270192	0	0	GCF_016699485.2_bGalGal1.mat.broiler.GRCg7b_cds_from_genomic.fna	GCA_016700215.2_bGalGal1.pat.whiteleghornlayer.GRCg7w_genomic.fna
9238	99.7335986897973	99.842	99.77792139737993	99.62068188603868	aves	525.3469610578672	272.0	8314	233	8213	.98785181621361558816	30910796	21704048	.70215105427889983810	GCF_000699105.1_ASM69910v1_cds_from_genomic.fna	GCA_003264635.1_ASM326463v1_genomic.fna
9238	99.7806046088539	100.0	99.82512227074236	99.66181552790555	aves	525.2685263796241	272.0	8314	233	8215	.98809237430839547750	30910796	21724223	.70280373886198207254	GCF_000699105.1_ASM69910v1_cds_from_genomic.fna	GCA_003264665.1_ASM326466v1_genomic.fna
9244	99.88987688564488	100.0	99.88792405063289	99.7239129654606	aves	524.9683698296838	271.0	8295	242	8154	.98300180831826401446	56941410	22297321	.39158357687314030333	GCF_003957555.1_bCalAnn1_v1.p_cds_from_genomic.fna	GCA_000699085.1_ASM69908v1_genomic.fna
9244	99.95171627056676	100.0	99.89736752136751	99.66798311575278	aves	539.5552711761121	283.0	8295	242	8139	.98119349005424954792	56941410	24885701	.43704047722035685452	GCF_003957555.1_bCalAnn1_v1.p_cds_from_genomic.fna	GCA_002021895.1_Canna_diploid_1.0_genomic.fna
9244	99.82291375633167	100.0	99.76876262626259	99.62027217174166	aves	498.69448147160756	272.0	8295	242	7438	.89668474984930681133	56941410	21164370	.37168679173908759898	GCF_003957555.1_bCalAnn1_v1.p_cds_from_genomic.fna	GCA_003957575.1_bCalAnn1_v1.h_genomic.fna
13146	99.60242801603687	99.898	99.53188477366255	99.44442478512323	aves	537.1479771595189	276.0	8321	247	8191	.98437687777911308736	54978670	23034700	.41897521347824529040	GCF_012275295.1_bMelUnd1.mat.Z_cds_from_genomic.fna	GCA_000238935.1_Melopsittacus_undulatus_6.3_genomic.fna
13146	99.93763872759409	100.0	99.89401809954752	99.19059621387677	aves	549.9722292350417	284.0	8321	247	7882	.94724191803869727196	54978670	30529945	.55530526656974422989	GCF_012275295.1_bMelUnd1.mat.Z_cds_from_genomic.fna	GCA_012275265.1_bMelUnd1.mat_genomic.fna
13146	99.64380328467156	100.0	99.61495867768596	99.0097492678331	aves	545.8639902676399	282.0	8321	247	8180	.98305492128349957937	54978670	29868197	.54326881679749619261	GCF_012275295.1_bMelUnd1.mat.Z_cds_from_genomic.fna	GCA_012275275.1_bMelUnd1.pat_genomic.fna
13397	99.80098900091669	100.0	99.55652765957448	97.0799335596207	vertebrata	499.4686831652918	267.0	3331	244	3263	.97958570999699789852	89210555	48894062	.54807485504377817176	GCF_017639515.1_sCarCar2.pri_cds_from_genomic.fna	GCA_003604245.1_ASM360424v1_genomic.fna
13397	93.88675	94.85300000000001	97.748	95.52094368600677	vertebrata	254.0	215.0	3331	244	4	.00120084058841188832	89210555	57352	.00064288356910233323	GCF_017639515.1_sCarCar2.pri_cds_from_genomic.fna	GCA_017639455.1_sCarCar2.alt_genomic.fna
27794	99.91108230340875	100.0	99.87146887966806	99.3662486295645	sauropsida	572.5044139617004	297.0	7459	246	7341	.98418018501139562944	132249854	29910259	.22616477897964257866	GCF_009764565.3_rDerCor1.pri.v4_cds_from_genomic.fna	GCA_006547105.1_GSC_toitle_1.0_genomic.fna
27794	99.89502551555407	100.0	99.88130851063832	99.01209813613903	sauropsida	493.383956658511	266.0	7459	246	5707	.76511596728784019305	132249854	25548619	.19318447792010416888	GCF_009764565.3_rDerCor1.pri.v4_cds_from_genomic.fna	GCA_009762595.2_rDerCor1.alt.v2_genomic.fna
29144	99.7030913421126	99.935	99.72702459016396	98.147361794159	actinopterygii	452.62594564303726	265.0	3621	247	3561	.98342999171499585749	54486596	45745095	.83956602831272483970	GCF_902362185.1_fChaCha1.1_cds_from_genomic.fna	GCA_018691325.1_CCHAN_1.0_genomic.fna
29144	99.72364462809894	100.0	99.74479583333337	97.33688901244932	actinopterygii	464.55485893416926	266.0	3621	247	3499	.96630764982049157691	54486596	54616921	1.00239187267268448922	GCF_902362185.1_fChaCha1.1_cds_from_genomic.fna	GCA_902362175.1_fChaCha1.1_alternate_haplotype_genomic.fna
31033	99.85021308253786	100.0	99.85842148760331	99.63138244756587	actinopterygii	453.07888826501966	265.0	3620	245	3551	.98093922651933701657	104165782	36221782	.34773206041884272514	GCF_901000725.2_fTakRub1.2_cds_from_genomic.fna	GCA_000180615.2_FUGU5_genomic.fna
31033	99.84477379886599	100.0	99.85576388888887	99.1499099525745	actinopterygii	444.1175768427335	261.0	3620	245	3341	.92292817679558011049	104165782	39389108	.37813864825591190780	GCF_901000725.2_fTakRub1.2_cds_from_genomic.fna	GCA_901000745.3_fTakRub1.2_alternate_haplotype_genomic.fna
32507	99.77201569506731	100.0	99.7819871244635	99.65393298144447	actinopterygii	453.9049887892377	263.0	3625	239	3547	.97848275862068965517	73702391	26946371	.36561054036903633153	GCF_000239395.1_NeoBri1.0_cds_from_genomic.fna	GCA_015106995.1_JUI1.scf_genomic.fna
32507	99.7639459383753	100.0	99.75074999999997	99.65426237575359	actinopterygii	452.47478991596637	264.5	3625	239	3549	.97903448275862068965	73702391	28124461	.38159496073879068590	GCF_000239395.1_NeoBri1.0_cds_from_genomic.fna	GCA_015107025.1_JUH9.scf_genomic.fna
34773	99.84348084507059	100.0	99.86239669421484	98.10576240554667	actinopterygii	481.7971830985916	271.0	3633	247	3543	.97522708505367464905	122606323	55239124	.45054058101065472781	GCF_018492685.1_fAloSap1.pri_cds_from_genomic.fna	GCA_018492705.1_fAloSap1.alt_genomic.fna
34773	99.83302293064881	100.0	99.85603278688522	97.30522685959896	actinopterygii	479.41750559284117	272.0	3633	247	3569	.98238370492705752821	122606323	63886093	.52106687026247414662	GCF_018492685.1_fAloSap1.pri_cds_from_genomic.fna	GCA_019202745.1_Alosa.v1_genomic.fna
40157	99.71559925058595	99.869	99.5608744769874	99.66679571322828	passeriformes	527.3063231850117	280.0	10811	247	10621	.98242530755711775043	62255060	22682066	.36434092264950029764	GCF_005870125.1_lonStrDom2_cds_from_genomic.fna	GCA_021869885.1_ASM2186988v1_genomic.fna
40157	99.96915592651308	100.0	99.8456475409836	99.78269397085407	passeriformes	548.4329012403246	290.0	10811	247	10669	.98686522985847747664	62255060	25878690	.41568813844208004939	GCF_005870125.1_lonStrDom2_cds_from_genomic.fna	GCA_002197715.1_LonStrDom1_genomic.fna
40157	99.76330175241314	100.0	99.65402469135799	99.6761723654663	passeriformes	525.4826164370725	281.0	10811	247	10617	.98205531403200443992	62255060	23274218	.37385263141662701794	GCF_005870125.1_lonStrDom2_cds_from_genomic.fna	GCA_021869855.1_ASM2186985v1_genomic.fna
42514	99.96199777468703	100.0	99.94684016393443	98.18139933173886	actinopterygii	478.9602225312935	270.0	3639	247	3592	.98708436383621874141	114714967	56323654	.49098784119425323114	GCF_015220715.1_fPygNat1.pri_cds_from_genomic.fna	GCA_001682695.1_Pygocentrus_nattereri-1.0.2_genomic.fna
42514	99.84398913043471	100.0	99.92888888888889	96.82319819073024	actinopterygii	430.3847826086957	253.0	3639	247	918	.25226710634789777411	114714967	17435429	.15198913843561494464	GCF_015220715.1_fPygNat1.pri_cds_from_genomic.fna	GCA_015220065.1_fPygNat1.alt_genomic.fna
43150	99.6729403613895	99.805	99.64794979079495	99.5476386531487	passeriformes	532.9830540211591	282.0	10824	243	10610	.98022912047302291204	83387428	24522473	.29407877887779438406	GCF_015227805.1_bHirRus1.pri.v2_cds_from_genomic.fna	GCA_013399815.1_ASM1339981v1_genomic.fna
43150	99.66079230459282	99.806	99.6226037735849	99.35118818604386	passeriformes	531.3437751813054	281.0	10824	243	9860	.91093865484109386548	83387428	25355257	.30406570400516490327	GCF_015227805.1_bHirRus1.pri.v2_cds_from_genomic.fna	GCA_015227815.3_bHirRus1.alt.v3_genomic.fna
43150	99.83722888868151	100.0	99.75501680672271	98.98866610194688	passeriformes	525.2347671923113	282.0	10824	243	10640	.98300073909830007390	83387428	34211719	.41027430417928227741	GCF_015227805.1_bHirRus1.pri.v2_cds_from_genomic.fna	GCA_003692655.1_Chelidonia_genomic.fna
43689	99.84166954824323	100.0	99.83223829787235	99.42806622532788	actinopterygii	460.40658114891244	266.0	3633	241	3577	.98458574181117533718	119904345	32381515	.27006123089200812531	GCF_900408965.1_fSimDia1.1_cds_from_genomic.fna	GCA_015052585.1_AUD8.scf_genomic.fna
43689	99.84138209790214	100.0	99.83456962025312	99.4569268555004	actinopterygii	458.00335664335665	267.0	3633	241	3566	.98155794109551334984	119904345	32243531	.26891044690665713573	GCF_900408965.1_fSimDia1.1_cds_from_genomic.fna	GCA_015102155.1_AUE1.scf_genomic.fna
45807	99.74583639258307	99.96199999999999	99.75689166666669	99.59296392432803	passeriformes	521.1413185989886	272.0	10810	244	10607	.98122109158186864014	105685377	24641363	.23315773382726353902	GCF_015832195.1_Motacilla_alba_V1.0_pri_cds_from_genomic.fna	GCA_013397355.1_ASM1339735v1_genomic.fna
45807	99.72178957055212	100.0	99.72119186046513	99.45382610671643	passeriformes	525.4422085889571	276.0	10810	244	8096	.74893617021276595744	105685377	19794671	.18729810652991283742	GCF_015832195.1_Motacilla_alba_V1.0_pri_cds_from_genomic.fna	GCA_015832205.1_Motacilla_alba_V1.0_alt_genomic.fna
47969	99.9230069618492	100.0	99.9195661157025	98.88357104880191	actinopterygii	467.93428014480645	268.0	3637	246	3588	.98652735771240032994	98420494	49621062	.50417407984154194552	GCF_013358895.1_ZZ_aureus_cds_from_genomic.fna	GCA_005870065.1_ASM587006v1_genomic.fna
47969	99.93413312951648	100.0	99.93010288065845	94.04619165469057	actinopterygii	462.9763757643135	267.0	3637	246	3595	.98845202089634313995	98420494	193528347	1.96634195922650012303	GCF_013358895.1_ZZ_aureus_cds_from_genomic.fna	GCA_016625535.1_ASM1662553v1_genomic.fna
48698	99.51960107998654	99.616	99.60694583333331	98.61846816486337	cyprinodontiformes	539.8873439082012	311.0	15207	246	14765	.97093443808772275925	110261279	48422395	.43916046901650759919	GCF_000485575.1_Poecilia_formosa-5.1.2_cds_from_genomic.fna	GCA_013036085.2_Poecilia_formosa_haplotype_mexicana_genomic.fna
48698	99.44363995289909	99.535	99.58849561403505	98.8947002937269	cyprinodontiformes	538.578167209254	309.0	15207	246	14392	.94640626027487341355	110261279	41799836	.37909805127509903091	GCF_000485575.1_Poecilia_formosa-5.1.2_cds_from_genomic.fna	GCA_013036135.2_Poecilia_formosa_haplotype_latipinna_genomic.fna
52904	99.89391333708487	100.0	99.89940851063834	99.58828038205954	actinopterygii	460.06274620146314	267.0	3636	246	3551	.97662266226622662266	103045445	38298758	.37166861669625474469	GCF_013347765.1_ASM1334776v1_cds_from_genomic.fna	GCA_003186165.1_ASM318616v1_genomic.fna
52904	99.8999286112659	100.0	99.89373966942149	99.51878614092891	actinopterygii	460.01673173452315	267.0	3636	246	3582	.98514851485148514851	103045445	40531727	.39333836638776221501	GCF_013347765.1_ASM1334776v1_cds_from_genomic.fna	GCA_006346445.1_Turbot_ysfricsl_Female_v1.0_genomic.fna
52904	99.87708163265309	100.0	99.86836929460578	99.50641796298073	actinopterygii	455.10623427453174	267.0	3636	246	3573	.98267326732673267326	103045445	42210982	.40963462285984596407	GCF_013347765.1_ASM1334776v1_cds_from_genomic.fna	GCA_006346465.1_ASM634646v1_genomic.fna
52904	99.89937580329689	100.0	99.89329875518672	99.55486945941291	actinopterygii	459.7924001117631	267.0	3636	246	3576	.98349834983498349834	103045445	40045244	.38861731345815431240	GCF_013347765.1_ASM1334776v1_cds_from_genomic.fna	GCA_009764425.1_turbot_genomic.fna
54380	99.79688697068404	100.0	99.8715714285714	99.69576944858106	aves	492.57100977198695	256.0	8321	233	6101	.73320514361254656892	23729916	13465291	.56743947176214193088	GCF_000690535.1_ASM69053v1_cds_from_genomic.fna	GCA_009819485.1_bCarCri1.alt_genomic.fna
54380	99.8384507299269	100.0	99.864399122807	99.65429112847487	aves	505.1712895377129	260.0	8321	233	8162	.98089171974522292993	23729916	18865339	.79500235061936165302	GCF_000690535.1_ASM69053v1_cds_from_genomic.fna	GCA_009819825.1_bCarCri1.pri_genomic.fna
55661	99.69182931829837	99.902	99.68498222222222	99.35398894963613	aves	519.1264736032804	272.0	8314	245	7765	.93396680298292037527	29617700	21456880	.72446138626564520540	GCF_000709325.1_ASM70932v1_cds_from_genomic.fna	GCA_017976305.1_bCucCan1.alt_genomic.fna
55661	99.6827211783247	99.899	99.69496707818934	98.77138955558712	aves	526.2197842162686	272.0	8314	245	8196	.98580707240798652874	29617700	26416755	.89192459238901062540	GCF_000709325.1_ASM70932v1_cds_from_genomic.fna	GCA_017976375.1_bCucCan1.pri_genomic.fna
56313	99.69292501828818	99.817	99.72587727272727	99.64999768128615	aves	497.1286271641063	259.0	8333	244	8189	.98271930877235089403	92154722	17931823	.19458387601668420203	GCF_018691265.1_T.alba_DEE_v4.0_cds_from_genomic.fna	GCA_000687205.1_ASM68720v1_genomic.fna
56313	99.87510525036473	100.0	99.86751666666669	99.66987837749897	aves	545.5994166261546	275.0	8333	244	8216	.98595943837753510140	92154722	25730239	.27920695154394801386	GCF_018691265.1_T.alba_DEE_v4.0_cds_from_genomic.fna	GCA_902150015.1_genome_assembly_l500_genomic.fna
57068	99.85068395930169	100.0	99.93422151898734	99.6767074676166	passeriformes	449.21014947870873	248.0	10704	234	7690	.71842301943198804185	23615690	13555731	.57401375949633485195	GCF_000695815.1_ASM69581v1_cds_from_genomic.fna	GCA_016880875.1_bAcaChl1.alt_genomic.fna
57068	99.87060206791892	100.0	99.90444052863435	99.67103884040134	passeriformes	466.40760766457976	251.0	10704	234	10198	.95272795216741405082	23615690	18750107	.79396820503656679097	GCF_000695815.1_ASM69581v1_cds_from_genomic.fna	GCA_016904835.1_bAcaChl1.pri_genomic.fna
57421	99.86058399053633	100.0	99.87425870646761	99.64284595125872	aves	479.7783911671924	249.0	8257	226	7448	.90202252634128618142	21716529	15872949	.73091556205874336547	GCF_000691845.1_ASM69184v1_cds_from_genomic.fna	GCA_009819585.1_bMerNub1.alt_genomic.fna
57421	99.86751878683705	100.0	99.8560814479638	99.58847760485021	aves	482.8737721021611	251.0	8257	226	7980	.96645270679423519438	21716529	17766452	.81810735039655738723	GCF_000691845.1_ASM69184v1_cds_from_genomic.fna	GCA_009819595.1_bMerNub1.pri_genomic.fna
64144	98.51658135640518	98.636	98.74721487603304	98.40815419489385	actinopterygii	437.43036561540606	261.0	3635	246	3581	.98514442916093535075	85978579	32252769	.37512563449088871310	GCF_900324465.2_fAnaTes1.2_cds_from_genomic.fna	GCA_900302665.1_ASM90030266v1_genomic.fna
64144	99.87045895413384	100.0	99.88435682819383	98.09960984798705	actinopterygii	455.4487291849255	267.0	3635	246	3421	.94112792297111416781	85978579	52293029	.60820997053231130977	GCF_900324465.2_fAnaTes1.2_cds_from_genomic.fna	GCA_900650485.1_fAnaTes1.2_alternate_haplotype_genomic.fna
68294	99.97635326647296	100.0	99.95448510638299	99.82938064150356	passeriformes	547.2725653763239	290.0	10774	240	10558	.97995173565992203452	95592041	26755922	.27989696338840594480	GCF_017639235.1_C.kubaryi_AGA036_p1.0_cds_from_genomic.fna	GCA_017639225.1_C.kubaryi_AGA036_a1.0_genomic.fna
68294	99.96020939169554	100.0	99.93990677966103	99.84629722626018	passeriformes	534.3858843378011	278.0	10774	240	10558	.97995173565992203452	95592041	22305408	.23333959361742260529	GCF_017639235.1_C.kubaryi_AGA036_p1.0_cds_from_genomic.fna	GCA_018127105.1_ASM1812710v1_genomic.fna
69293	99.97374740678445	100.0	99.96350207468879	99.53637169239211	actinopterygii	458.9072049341183	266.0	3626	247	3562	.98234969663541092112	99056745	38247132	.38611335351267599192	GCF_016920845.1_GAculeatus_UGA_version5_cds_from_genomic.fna	GCA_000180675.1_ASM18067v1_genomic.fna
69293	99.6710338650992	99.841	99.70131404958678	99.52279305953458	actinopterygii	406.27959697732996	256.0	3626	247	3568	.98400441257584114726	99056745	34973625	.35306656805652154227	GCF_016920845.1_GAculeatus_UGA_version5_cds_from_genomic.fna	GCA_006229165.1_NID_genomic.fna
69293	99.67932950727884	99.857	99.72479253112033	99.55080776711738	actinopterygii	428.2497200447928	260.0	3626	247	3567	.98372862658576944291	99056745	33444395	.33762864911420216765	GCF_016920845.1_GAculeatus_UGA_version5_cds_from_genomic.fna	GCA_006229185.1_BOT_genomic.fna
69293	99.72241962774952	100.0	99.7760041322314	99.59610290328864	actinopterygii	410.98336153412293	258.0	3626	247	3541	.97655819084390512961	99056745	31838541	.32141719375091519512	GCF_016920845.1_GAculeatus_UGA_version5_cds_from_genomic.fna	GCA_006232265.1_BAM_genomic.fna
69293	99.6717142056599	99.84	99.70241078838177	99.55733132719563	actinopterygii	435.8699915942841	261.0	3626	247	3564	.98290126861555432984	99056745	33809369	.34131314328973761453	GCF_016920845.1_GAculeatus_UGA_version5_cds_from_genomic.fna	GCA_006232285.1_SYL_genomic.fna
72105	99.73518653295126	100.0	99.76317467248909	97.99749863415958	actinopterygii	450.00143266475646	265.0	3628	239	3482	.95975744211686879823	119221016	56479243	.47373562895991424867	GCF_015220745.1_fSebUmb1.pri_cds_from_genomic.fna	GCA_015220095.1_fSebUmb1.alt_genomic.fna
72105	99.87127300699306	100.0	99.85566382978723	97.50718323283816	actinopterygii	468.4044755244755	270.0	3628	239	3567	.98318632855567805953	119221016	72052370	.60435963739815805629	GCF_015220745.1_fSebUmb1.pri_cds_from_genomic.fna	GCA_916701575.1_S-umbrosus_SEB-10_genomic.fna
74940	99.80256257110354	100.0	99.8438818565401	98.17915253024344	actinopterygii	455.14391353811146	263.0	3638	245	3514	.96591533809785596481	174900382	74385189	.42530032324343351062	GCF_018296145.1_Otsh_v2.0_cds_from_genomic.fna	GCA_002831465.1_CHI06_genomic.fna
74940	99.90476137001681	100.0	99.95391176470586	97.88598562671812	actinopterygii	465.1179112857945	267.5	3638	245	3557	.97773501924134139637	174900382	82308995	.47060500416745802190	GCF_018296145.1_Otsh_v2.0_cds_from_genomic.fna	GCA_002872995.1_Otsh_v1.0_genomic.fna
90988	99.65203039684783	99.82	99.73844166666663	98.73700739373326	actinopterygii	445.55277230509427	259.0	3632	246	3547	.97659691629955947136	100170821	40993361	.40923455144687293717	GCF_016745375.1_EPA_FHM_2.0_cds_from_genomic.fna	GCA_000700825.1_FHM_SOAPdenovo_genomic.fna
90988	99.65536622868326	99.822	99.74537704918029	98.89063238936589	actinopterygii	452.13391109868604	258.0	3632	246	3571	.98320484581497797356	100170821	29805581	.29754753632297772621	GCF_016745375.1_EPA_FHM_2.0_cds_from_genomic.fna	GCA_000700965.1_FHM_SGA_genomic.fna
105023	99.9566688963212	100.0	99.98413636363637	99.352896863681	cyprinodontiformes	559.6578595317726	311.0	15111	246	14509	.96016147177552776123	79690601	36924717	.46335096657132752706	GCF_001465895.1_Nfu_20140520_cds_from_genomic.fna	GCA_000878545.1_NotFur1_genomic.fna
105023	99.9543108912216	100.0	99.9781487603306	98.468071024616	cyprinodontiformes	562.6733302132781	313.0	15111	246	14520	.96088941830454635695	79690601	45262907	.56798300467077667038	GCF_001465895.1_Nfu_20140520_cds_from_genomic.fna	GCA_014300015.1_MPIA_NFZ_2.0_genomic.fna
113540	99.86170718077666	100.0	99.85893360995851	99.76978837346596	actinopterygii	465.5409332215703	266.0	3633	246	3571	.98293421414808698045	102905027	34294421	.33326283467181831651	GCF_900964775.1_fSclFor1.1_cds_from_genomic.fna	GCA_001005745.2_aro_v2_genomic.fna
113540	99.70973650349633	99.858	99.74915767634852	99.4388209237588	actinopterygii	479.40923076923076	270.0	3633	246	3567	.98183319570602807597	102905027	40805521	.39653573969714812863	GCF_900964775.1_fSclFor1.1_cds_from_genomic.fna	GCA_001624245.1_ASM162424v1_genomic.fna
113540	99.84224611472166	100.0	99.86805462184873	99.56401198685789	actinopterygii	480.064142413111	270.0	3633	246	3531	.97192402972749793559	102905027	39785803	.38662642788092364039	GCF_900964775.1_fSclFor1.1_cds_from_genomic.fna	GCA_001624255.1_ASM162425v1_genomic.fna
113540	99.91321986607143	100.0	99.94388016528924	99.49711789209894	actinopterygii	464.2142857142857	259.0	3633	246	3576	.98431048720066061106	102905027	41265050	.40100130385272626185	GCF_900964775.1_fSclFor1.1_cds_from_genomic.fna	GCA_001624265.1_ASM162426v1_genomic.fna
113540	99.85143999999995	100.0	99.8734893617021	99.09424516231432	actinopterygii	476.82685714285714	270.0	3633	246	3492	.96118909991742361684	102905027	45212887	.43936519252844664235	GCF_900964775.1_fSclFor1.1_cds_from_genomic.fna	GCA_900964985.2_fSclFor1.1_alternate_haplotype_genomic.fna
118200	99.74969658772605	100.0	99.75790497737555	99.2967858763581	aves	512.5679908326968	269.0	8295	241	7754	.93477998794454490657	27600319	21217302	.76873394108234763518	GCF_000699005.1_ASM69900v1_cds_from_genomic.fna	GCA_014839825.1_bDryPub1.alt_genomic.fna
118200	99.74960221465048	100.0	99.69678242677823	98.93032205920433	aves	515.1343392552933	270.0	8295	241	8115	.97830018083182640144	27600319	23946622	.86762120394333123468	GCF_000699005.1_ASM69900v1_cds_from_genomic.fna	GCA_014839835.1_bDryPub1.pri_genomic.fna
121530	99.82955908513324	100.0	99.79090055248618	99.63925614666333	aves	483.6116052520119	256.0	8313	232	7018	.84421989654757608564	23747164	15814152	.66593855165189409564	GCF_000709365.1_ASM70936v1_cds_from_genomic.fna	GCA_009764505.1_bTauEry1.alt_genomic.fna
121530	99.8468386037462	100.0	99.80984	99.46433154081242	aves	493.8972269520798	259.0	8313	232	8155	.98099362444364248766	23747164	19473350	.82002844634416134911	GCF_000709365.1_ASM70936v1_cds_from_genomic.fna	GCA_009769465.1_bTauEry1.pri_genomic.fna
134920	99.7087734418866	100.0	99.7364159663866	99.54125948593322	actinopterygii	440.70830993823694	261.0	3635	246	3560	.97936726272352132049	99861186	33467277	.33513798844728321171	GCF_902500615.1_NSP_V7_cds_from_genomic.fna	GCA_003399555.1_ASM339955v1_genomic.fna
134920	99.73500865438294	100.0	99.75406639004152	99.51161062893881	actinopterygii	442.106644332775	264.0	3635	246	3579	.98459422283356258596	99861186	29840994	.29882475058928300731	GCF_902500615.1_NSP_V7_cds_from_genomic.fna	GCA_003935095.1_ASM393509v1_genomic.fna
158456	99.82464267782419	100.0	99.86638683127573	98.93180537972295	actinopterygii	455.79191073919105	267.0	3634	246	3580	.98514034122179416620	117112162	48877435	.41735575678297186589	GCF_900634795.3_fBetSpl5.3_cds_from_genomic.fna	GCA_003650155.1_ASM365015v1_genomic.fna
158456	99.8346469764836	100.0	99.87992181069961	98.55503861046788	actinopterygii	449.6307390817469	266.0	3634	246	3567	.98156301596037424325	117112162	53234056	.45455617154433542094	GCF_900634795.3_fBetSpl5.3_cds_from_genomic.fna	GCA_013403625.1_Bspl.v1.2018_genomic.fna
158456	99.83365909828078	100.0	99.92088207547168	99.07716788105283	actinopterygii	432.16639636717485	260.0	3634	246	3079	.84727572922399559713	117112162	37684500	.32178126811457891111	GCF_900634795.3_fBetSpl5.3_cds_from_genomic.fna	GCA_900651605.1_fBetSpl5.1_alternate_haplotype_genomic.fna
187382	99.81429901543711	100.0	99.82637556561082	99.66826538436007	aves	507.82399416555245	260.0	8303	225	8139	.98024810309526677104	22600768	18476558	.81751903298153407884	GCF_000695195.1_ASM69519v1_cds_from_genomic.fna	GCA_011799995.1_REN_Cmacq_1.0_genomic.fna
187382	99.81119353270124	100.0	99.80120547945202	99.67836166036814	aves	509.69717967420377	260.0	8303	225	8138	.98012766469950620257	22600768	18161836	.80359375398216556180	GCF_000695195.1_ASM69519v1_cds_from_genomic.fna	GCA_011800025.1_REN_Cmacq_2.0_genomic.fna
205130	98.58505975984333	98.693	98.80417299578059	96.30843479158419	actinopterygii	449.9528064786372	264.0	3630	242	3571	.98374655647382920110	93395543	61771886	.66140079082788779331	GCF_900324485.2_fMasArm1.2_cds_from_genomic.fna	GCA_019455525.1_Marm_hapY_genomic.fna
205130	98.58448757330328	98.693	98.80432911392404	96.29862356039881	actinopterygii	449.6168667969841	264.0	3630	242	3571	.98374655647382920110	93395543	61832603	.66205089679707735089	GCF_900324485.2_fMasArm1.2_cds_from_genomic.fna	GCA_019455535.1_Marm_hapX_genomic.fna
215358	99.4757159154147	99.5875	99.50891250000008	99.28484156778656	actinopterygii	455.35503617139676	265.0	3639	244	3590	.98653476229733443253	103984255	39750547	.38227467225687196585	GCF_000972845.2_L_crocea_2.0_cds_from_genomic.fna	GCA_000742935.1_ASM74293v1_genomic.fna
215358	99.53535246360586	99.659	99.67243277310924	98.57053872192256	actinopterygii	437.61254199328107	263.0	3639	244	3568	.98048914536960703489	103984255	56392987	.54232236409252535395	GCF_000972845.2_L_crocea_2.0_cds_from_genomic.fna	GCA_003711585.2_ASM371158v2_genomic.fna
215358	99.53569032979327	99.652	99.62741276595742	98.62501816234176	actinopterygii	418.1688093907211	260.0	3639	244	3574	.98213794998625996152	103984255	53964643	.51896936704503965528	GCF_000972845.2_L_crocea_2.0_cds_from_genomic.fna	GCA_003845795.1_LCFGL_HiC_1.0_genomic.fna
215358	99.53535246360586	99.659	99.67243277310924	98.59042950868361	actinopterygii	437.61254199328107	263.0	3639	244	3568	.98048914536960703489	103984255	56204894	.54051350370303657991	GCF_000972845.2_L_crocea_2.0_cds_from_genomic.fna	GCA_004352675.2_ASM435267v2_genomic.fna
215358	99.49408633304067	99.634	99.56908225108225	98.96684009778554	actinopterygii	292.9692712906058	231.0	3639	244	3413	.93789502610607309700	103984255	38034817	.36577477042077187551	GCF_000972845.2_L_crocea_2.0_cds_from_genomic.fna	GCA_900246015.1_Larimichthys_crocea_chromosome_1.0_genomic.fna
240206	99.91449786075472	100.0	99.90145893719809	99.76077052598129	aves	482.96032672112017	252.0	8301	232	7628	.91892543067100349355	22779457	16327942	.71678363536057949054	GCF_000699245.1_ASM69924v1_cds_from_genomic.fna	GCA_009769505.1_bPteGut1.alt_genomic.fna
240206	99.91664938875306	100.0	99.91262162162167	99.55930682291543	aves	490.29388753056236	255.0	8301	232	8090	.97458137573786290808	22779457	18364515	.80618756627956496065	GCF_000699245.1_ASM69924v1_cds_from_genomic.fna	GCA_009769525.1_bPteGut1.pri_genomic.fna
259920	99.89222565829769	100.0	99.88935217391304	99.17025235314549	vertebrata	453.69473361910593	246.0	3289	234	3237	.98418972332015810276	39595372	28942025	.73094464171216777556	GCF_001642345.1_ASM164234v2_cds_from_genomic.fna	GCA_013626285.1_RhiTyp_1.0_genomic.fna
259920	99.9021751152075	100.0	99.85389082969431	99.00369300556318	vertebrata	452.8980030721966	245.0	3289	234	3230	.98206141684402553967	39595372	26753495	.67567227301210858683	GCF_001642345.1_ASM164234v2_cds_from_genomic.fna	GCA_021869965.1_sRhiTyp1.1_genomic.fna
310915	99.80888792378792	100.0	99.81526582278481	98.54888552761292	actinopterygii	468.6321098346876	266.0	3627	242	3561	.98180314309346567411	99609760	44212144	.44385353403120336802	GCF_009078355.1_GENO_Phyp_1.0_cds_from_genomic.fna	GCA_003671635.1_VN_pangasius_genomic.fna
310915	99.82582919254668	100.0	99.81164529914533	97.93814937191026	actinopterygii	467.9765669113495	266.0	3627	242	3534	.97435897435897435897	99609760	51541870	.51743794985551616628	GCF_009078355.1_GENO_Phyp_1.0_cds_from_genomic.fna	GCA_016801045.1_ASM1680104v1_genomic.fna
409849	99.80346781833384	100.0	99.7890289256198	99.58544089801202	actinopterygii	435.5817776539426	262.0	3623	245	3579	.98785536847916091636	53511364	31611983	.59075270441620587357	GCF_009829125.1_fPerMag1.pri_cds_from_genomic.fna	GCA_000787105.1_PM.fa_genomic.fna
409849	99.83741517200815	100.0	99.85371673819743	99.02383267125786	actinopterygii	433.67450749779476	258.0	3623	245	3392	.93624068451559481093	53511364	37309748	.69723036774020561314	GCF_009829125.1_fPerMag1.pri_cds_from_genomic.fna	GCA_009829135.1_fPerMag1.alt_genomic.fna
925459	99.84271827581581	100.0	99.880116751269	99.68529112088379	aves	509.1922921982006	260.0	8323	234	7399	.88898233809924306139	23870080	16927261	.70914136023004531195	GCF_000709895.1_ASM70989v1_cds_from_genomic.fna	GCA_011004865.1_bBalReg1.alt_genomic.fna
925459	99.85880660033945	100.0	99.86889473684208	99.60423596244806	aves	514.1545741324921	261.0	8323	234	8191	.98414033401417758019	23870080	19504410	.81710702268278950049	GCF_000709895.1_ASM70989v1_cds_from_genomic.fna	GCA_011004875.1_bBalReg1.pri_genomic.fna
1196302	99.87527893313431	100.0	99.8510510638298	99.32641804165104	passeriformes	544.6307003637041	288.0	10831	242	10691	.98707413904533284091	98744865	29018037	.29386882041916812585	GCF_009650955.1_bCorMon1.pri_cds_from_genomic.fna	GCA_009650515.1_UO_Cmon_1.0_genomic.fna
1196302	99.87487860104184	100.0	99.87378712871288	98.85657294123781	passeriformes	539.4180929095354	286.0	10831	242	9380	.86603268396269965838	98744865	28990011	.29358499806546902464	GCF_009650955.1_bCorMon1.pri_cds_from_genomic.fna	GCA_009651025.1_bCorMon1.alt_genomic.fna
1196302	99.87527893313431	100.0	99.8510510638298	99.32634796236954	passeriformes	544.6307003637041	288.0	10831	242	10691	.98707413904533284091	98744865	29018376	.29387225350908120639	GCF_009650955.1_bCorMon1.pri_cds_from_genomic.fna	GCA_013398675.1_ASM1339867v1_genomic.fna
