/stor/work/Ochman/rowan/projects/Salmonella_phylogeny/confirmed_genomes/New_ANI/A1_GCA_002211925.1_ASM221192v1_genomic.fna
/stor/work/Ochman/rowan/projects/Salmonella_phylogeny/confirmed_genomes/New_ANI/A2_GCA_000252995.1_ASM25299v1_genomic.fna	99.999138
/stor/work/Ochman/rowan/projects/Salmonella_phylogeny/confirmed_genomes/New_ANI/A3_GCA_009648775.1_ASM964877v1_genomic.fna	99.997589	99.997688
/stor/work/Ochman/rowan/projects/Salmonella_phylogeny/confirmed_genomes/New_ANI/A4_GCA_016653555.1_ASM1665355v1_genomic.fna	99.999100	99.998390	99.996841
/stor/work/Ochman/rowan/projects/Salmonella_phylogeny/confirmed_genomes/New_ANI/A5_GCA_900635485.1_29751_D01_genomic.fna	99.801979	99.801361	99.799896	99.800545
/stor/work/Ochman/rowan/projects/Salmonella_phylogeny/confirmed_genomes/New_ANI/A6_GCA_000439255.1_ASM43925v1_genomic.fna	99.301590	99.312195	99.311790	99.303680	99.131622
/stor/work/Ochman/rowan/projects/Salmonella_phylogeny/confirmed_genomes/New_ANI/A7_GCA_013138145.1_ASM1313814v1_genomic.fna	99.343018	99.354858	99.345596	99.343826	99.174782	99.897675
/stor/work/Ochman/rowan/projects/Salmonella_phylogeny/confirmed_genomes/New_ANI/A8_GCA_000709535.1_ASM70953v1_genomic.fna	98.960571	98.965851	98.954933	98.958000	98.784027	98.954842	98.941696
/stor/work/Ochman/rowan/projects/Salmonella_phylogeny/confirmed_genomes/New_ANI/A97GCA_013588055.1_ASM1358805v1_genomic.fna	98.846992	98.848976	98.857361	98.847549	98.685440	98.836411	98.814178	98.974098
/stor/work/Ochman/rowan/projects/Salmonella_phylogeny/confirmed_genomes/New_ANI/A98GCA_006113225.2_ASM611322v2_genomic.fna	98.967705	98.951508	98.947441	98.965393	98.788391	98.983871	98.979187	99.015175	99.227036
/stor/work/Ochman/rowan/projects/Salmonella_phylogeny/confirmed_genomes/New_ANI/A99GCA_006051015.2_ASM605101v2_genomic.fna	98.720856	98.722893	98.726898	98.722076	98.549545	98.725967	98.747826	98.860809	99.005798	98.984146
/stor/work/Ochman/rowan/projects/Salmonella_phylogeny/confirmed_genomes/New_ANI/B1_GCA_002234855.1_ASM223485v1_genomic.fna	89.406395	89.443283	89.413101	89.388672	89.272438	89.450211	89.464722	89.503647	89.457016	89.513252	89.485779
/stor/work/Ochman/rowan/projects/Salmonella_phylogeny/confirmed_genomes/New_ANI/B2_GCA_005601095.2_ASM560109v2_genomic.fna	89.478165	89.459686	89.482918	89.479538	89.313736	89.521683	89.526459	89.516052	89.518250	89.588951	89.497940	99.423584
/stor/work/Ochman/rowan/projects/Salmonella_phylogeny/confirmed_genomes/New_ANI/B3_GCA_013138355.1_ASM1313835v1_genomic.fna	89.442032	89.468399	89.493439	89.436684	89.372971	89.429443	89.469322	89.593132	89.484901	89.566681	89.530762	99.344948	99.451401
/stor/work/Ochman/rowan/projects/Salmonella_phylogeny/confirmed_genomes/New_ANI/B4_GCA_000018625.1_ASM1862v1_genomic.fna	89.463882	89.460892	89.490677	89.466408	89.355057	89.455063	89.462463	89.564240	89.503998	89.555481	89.488083	99.361153	99.436386	99.941055
/stor/work/Ochman/rowan/projects/Salmonella_phylogeny/confirmed_genomes/New_ANI/B5_GCA_003324775.1_ASM332477v1_genomic.fna	89.393921	89.439865	89.429398	89.397064	89.285858	89.427048	89.438263	89.478836	89.474297	89.462753	89.555725	99.201309	99.233879	99.118332	99.180206
/stor/work/Ochman/rowan/projects/Salmonella_phylogeny/confirmed_genomes/New_ANI/B6_GCA_013162485.1_ASM1316248v1_genomic.fna	89.453674	89.417587	89.478577	89.429443	89.286789	89.438278	89.464905	89.496590	89.461159	89.510773	89.476974	99.263748	99.334755	99.241455	99.225250	99.257164
/stor/work/Ochman/rowan/projects/Salmonella_phylogeny/confirmed_genomes/New_ANI/B7_GCA_900635075.1_29840_B02_genomic.fna	89.365997	89.385704	89.392868	89.378067	89.289566	89.400070	89.409851	89.476135	89.395615	89.448700	89.433365	99.164291	99.261436	99.101807	99.068939	99.114685	99.354874
/stor/work/Ochman/rowan/projects/Salmonella_phylogeny/confirmed_genomes/New_ANI/B8_GCA_006364755.1_ASM636475v1_genomic.fna	89.399361	89.454651	89.386559	89.398491	89.268524	89.436958	89.439972	89.434479	89.438805	89.538651	89.480949	99.120911	99.186920	99.106781	99.123795	99.260147	99.339432	99.275864
/stor/work/Ochman/rowan/projects/Salmonella_phylogeny/confirmed_genomes/New_ANI/B95GCA_900635595.1_31340_H02_genomic.fna	89.364944	89.373184	89.346695	89.377945	89.221542	89.332108	89.414040	89.423431	89.403717	89.481903	89.442993	99.034424	99.146912	99.014908	99.077332	99.167343	99.283508	99.206299	99.461029
/stor/work/Ochman/rowan/projects/Salmonella_phylogeny/confirmed_genomes/New_ANI/B96GCA_006112595.2_ASM611259v2_genomic.fna	89.364388	89.366119	89.336288	89.370880	89.269981	89.435333	89.411751	89.448624	89.406494	89.521973	89.478577	99.066223	99.150055	99.079834	99.105331	99.141357	99.280067	99.258224	99.481354	99.522583
/stor/work/Ochman/rowan/projects/Salmonella_phylogeny/confirmed_genomes/New_ANI/B97GCA_900478105.1_30066_C02_genomic.fna	89.368408	89.358734	89.384209	89.365372	89.211433	89.383133	89.412048	89.398773	89.403610	89.427475	89.397034	99.018295	99.084587	98.986374	98.999191	99.063492	99.195831	99.166985	99.388321	99.416618	99.434448
/stor/work/Ochman/rowan/projects/Salmonella_phylogeny/confirmed_genomes/New_ANI/B98GCA_000756465.1_ASM75646v1_genomic.fna	89.447021	89.461014	89.463943	89.456970	89.286461	89.464996	89.447189	89.536316	89.465996	89.497437	89.480270	99.112656	99.159821	99.126740	99.115723	99.162521	99.290192	99.225815	99.454300	99.476257	99.523438	99.720901
/stor/work/Ochman/rowan/projects/Salmonella_phylogeny/confirmed_genomes/New_ANI/B99GCA_016638585.1_ASM1663858v1_genomic.fna	89.421127	89.419975	89.412178	89.415436	89.281921	89.434296	89.490097	89.533463	89.478935	89.505402	89.500832	99.119568	99.163673	99.116119	99.108246	99.155563	99.296669	99.247330	99.469704	99.480568	99.521729	99.730011	99.973618
/stor/work/Ochman/rowan/projects/Salmonella_phylogeny/confirmed_genomes/New_ANI/C11GCA_013328855.1_ASM1332885v1_genomic.fna	90.066071	90.060997	90.038948	90.058151	89.949425	90.098122	90.147301	90.124115	90.138916	90.173515	90.231812	93.841751	93.863289	93.860611	93.899811	93.870880	93.869934	93.822189	93.851448	93.755035	93.814606	93.760895	93.851585	93.871017
/stor/work/Ochman/rowan/projects/Salmonella_phylogeny/confirmed_genomes/New_ANI/C12GCA_004126495.1_ASM412649v1_genomic.fna	90.091599	90.086227	90.062286	90.089615	89.990234	90.117264	90.139725	90.141388	90.159752	90.138687	90.211975	93.853386	93.870522	93.901299	93.903572	93.835938	93.829636	93.814285	93.849960	93.786407	93.824249	93.773186	93.840561	93.885796	99.961517
/stor/work/Ochman/rowan/projects/Salmonella_phylogeny/confirmed_genomes/New_ANI/C13GCA_900635675.1_31885_G02_genomic.fna	90.043121	90.047684	89.969452	90.048767	89.897278	90.117264	90.030991	90.068451	90.065086	90.055641	90.164696	93.740814	93.796371	93.663406	93.682678	93.684235	93.710831	93.699799	93.762947	93.640953	93.725189	93.666794	93.728241	93.779846	99.361038	99.344582
/stor/work/Ochman/rowan/projects/Salmonella_phylogeny/confirmed_genomes/New_ANI/C14GCA_002211825.1_ASM221182v1_genomic.fna	90.074860	90.056534	90.025085	90.066086	89.917595	90.134781	90.121468	90.104050	90.119949	90.141083	90.214943	93.818619	93.862083	93.770058	93.808670	93.745300	93.775848	93.753227	93.793091	93.692703	93.747307	93.757774	93.793579	93.856964	99.424576	99.409561	99.375427
/stor/work/Ochman/rowan/projects/Salmonella_phylogeny/confirmed_genomes/New_ANI/C15GCA_013138125.1_ASM1313812v1_genomic.fna	90.006714	90.002846	89.977348	90.012695	89.842010	89.958244	90.054794	90.054626	90.138306	90.112808	90.207520	93.730392	93.798431	93.754028	93.758011	93.700256	93.752869	93.734360	93.717865	93.668579	93.693787	93.689262	93.727898	93.744492	99.358597	99.344437	99.271805	99.427444
/stor/work/Ochman/rowan/projects/Salmonella_phylogeny/confirmed_genomes/New_ANI/C16GCA_003324755.1_ASM332475v1_genomic.fna	90.005737	90.007416	89.974548	89.999847	89.857666	89.988007	90.014633	90.040260	90.067490	90.056602	90.135216	93.724274	93.782837	93.716385	93.726326	93.668198	93.735352	93.698410	93.745178	93.641418	93.694580	93.667633	93.760712	93.708580	99.357346	99.341705	99.369133	99.385681	99.125229
/stor/work/Ochman/rowan/projects/Salmonella_phylogeny/confirmed_genomes/New_ANI/C17GCA_013138265.1_ASM1313826v1_genomic.fna	90.102509	90.171249	90.069023	90.109894	89.923164	90.070358	90.081390	90.110191	90.127533	90.135880	90.180908	93.853554	93.800896	93.780365	93.849075	93.721985	93.795784	93.784958	93.841660	93.758606	93.764481	93.763657	93.816925	93.814552	99.391197	99.406799	99.368408	99.418060	99.396957	99.382309
/stor/work/Ochman/rowan/projects/Salmonella_phylogeny/confirmed_genomes/New_ANI/C18GCA_003325035.1_ASM332503v1_genomic.fna	90.075783	90.066353	90.030594	90.089432	89.921013	90.047523	90.098389	90.072495	90.133957	90.121498	90.197411	93.800110	93.803360	93.743210	93.794281	93.730072	93.784576	93.708992	93.777832	93.706673	93.725586	93.697250	93.763657	93.768776	99.357475	99.366119	99.348747	99.371765	99.121201	99.120590	99.359283
/stor/work/Ochman/rowan/projects/Salmonella_phylogeny/confirmed_genomes/New_ANI/C19GCA_006760965.2_ASM676096v2_genomic.fna	89.982941	89.994011	89.912094	89.997009	89.831558	90.022202	90.061630	90.067825	90.069435	90.033180	90.093582	93.763168	93.836288	93.714355	93.776939	93.708008	93.726868	93.675713	93.777771	93.704605	93.699837	93.695992	93.773270	93.780869	99.369034	99.408173	99.275940	99.370178	98.985107	98.970383	99.324959	99.114197
/stor/work/Ochman/rowan/projects/Salmonella_phylogeny/confirmed_genomes/New_ANI/C20GCA_900478155.1_47328_D01_genomic.fna	90.002228	89.994247	89.999939	90.006241	89.854660	90.035561	90.049973	90.032959	90.107697	90.047653	90.166245	93.799057	93.820221	93.767807	93.806885	93.760025	93.774826	93.787857	93.766281	93.687851	93.762863	93.774170	93.780022	93.836884	99.378754	99.380295	99.270248	99.359451	99.150192	99.115959	99.384766	99.079216	98.900780
/stor/work/Ochman/rowan/projects/Salmonella_phylogeny/confirmed_genomes/New_ANI/C21GCA_002211965.1_ASM221196v1_genomic.fna	90.064529	90.096863	90.073227	90.065201	89.943619	90.069145	90.146042	90.091248	90.140594	90.128204	90.119141	93.799240	93.812439	93.757210	93.767868	93.739647	93.779480	93.751007	93.795425	93.676254	93.724670	93.662910	93.818985	93.765930	99.373627	99.349869	99.278625	99.334564	99.060310	99.195053	99.351578	99.268234	99.087395	99.141182
/stor/work/Ochman/rowan/projects/Salmonella_phylogeny/confirmed_genomes/New_ANI/C22GCA_014123145.1_ASM1412314v1_genomic.fna	89.993546	90.032928	89.992485	90.001297	89.898315	90.091194	90.103043	90.042480	90.095657	90.085167	90.160767	93.812279	93.920410	93.759132	93.822716	93.744576	93.793617	93.801323	93.729584	93.700485	93.730377	93.681122	93.777206	93.807755	99.356354	99.357849	99.296555	99.348793	99.126785	99.191444	99.292931	99.291840	99.055206	99.158875	99.867775
/stor/work/Ochman/rowan/projects/Salmonella_phylogeny/confirmed_genomes/New_ANI/C23GCA_003325215.1_ASM332521v1_genomic.fna	90.036835	90.064835	90.022583	90.045486	89.931541	89.971741	90.099091	90.113205	90.127274	90.101837	90.224907	93.778427	93.774689	93.756454	93.754974	93.719650	93.758301	93.717834	93.790970	93.687469	93.715225	93.724823	93.788383	93.779449	99.370041	99.346298	99.384422	99.206123	99.190826	99.145035	99.401955	99.171616	98.956146	99.114250	99.297943	99.323456
/stor/work/Ochman/rowan/projects/Salmonella_phylogeny/confirmed_genomes/New_ANI/C24GCA_013162305.1_ASM1316230v1_genomic.fna	89.998642	90.019073	89.979523	89.996704	89.874939	90.004990	90.064636	90.082443	90.138306	90.035194	90.129379	93.787552	93.854218	93.776993	93.738037	93.693466	93.807556	93.690918	93.827423	93.756271	93.780235	93.732094	93.785728	93.835800	99.399689	99.371735	99.298981	99.391754	99.448006	99.421967	99.362625	99.394424	99.405907	99.370285	99.505157	99.514503	99.860886
/stor/work/Ochman/rowan/projects/Salmonella_phylogeny/confirmed_genomes/New_ANI/C25GCA_013138245.1_ASM1313824v1_genomic.fna	89.989609	90.031319	89.999367	89.989471	89.890640	89.923599	90.023338	90.086121	90.080231	90.072617	90.165382	93.778946	93.792099	93.732559	93.735199	93.702591	93.790115	93.670677	93.780151	93.662697	93.756920	93.753693	93.796265	93.801430	99.377556	99.382858	99.244774	99.357498	99.255890	99.160950	99.343536	99.128189	99.073341	99.299438	99.183441	99.285393	99.510185	99.947861
/stor/work/Ochman/rowan/projects/Salmonella_phylogeny/confirmed_genomes/New_ANI/C26GCA_002794415.1_ASM279441v1_genomic.fna	89.979553	90.016762	89.983612	89.975769	89.863220	89.993065	90.080704	90.085983	90.113747	90.113655	90.148300	93.821671	93.828171	93.813995	93.824631	93.801224	93.798134	93.745148	93.862534	93.741669	93.794739	93.731689	93.787125	93.826416	99.444077	99.428856	99.417572	99.404953	99.186867	99.241119	99.439636	99.411713	99.186996	99.233139	99.479752	99.440582	99.479736	99.644394	99.372284
/stor/work/Ochman/rowan/projects/Salmonella_phylogeny/confirmed_genomes/New_ANI/C27GCA_001629755.1_ASM162975v1_genomic.fna	90.033661	90.024292	90.031586	90.021172	89.930634	90.081009	90.118484	90.093399	90.168365	90.125816	90.173004	93.863281	93.823257	93.827271	93.801857	93.803452	93.828827	93.795685	93.838959	93.770737	93.778900	93.780579	93.827454	93.855591	99.432487	99.426544	99.451134	99.417862	99.499771	99.449036	99.463196	99.433449	99.407249	99.482178	99.547241	99.512497	99.621658	99.652786	99.642250	99.980484
/stor/work/Ochman/rowan/projects/Salmonella_phylogeny/confirmed_genomes/New_ANI/C28GCA_001629775.1_ASM162977v1_genomic.fna	90.033394	90.024178	90.034607	90.020920	89.930405	90.079025	90.119087	90.093079	90.170029	90.125977	90.173378	93.857651	93.822128	93.826767	93.802124	93.803452	93.828018	93.795776	93.836845	93.770477	93.778831	93.780930	93.827820	93.854813	99.432663	99.426735	99.451195	99.417953	99.500366	99.449173	99.463478	99.433594	99.407303	99.482254	99.546555	99.512627	99.621719	99.652878	99.642334	99.980545	99.999863
/stor/work/Ochman/rowan/projects/Salmonella_phylogeny/confirmed_genomes/New_ANI/C29GCA_001628755.1_ASM162875v1_genomic.fna	90.033394	90.024178	90.034607	90.020920	89.930405	90.079025	90.119087	90.093079	90.170029	90.125977	90.173378	93.857651	93.822128	93.826767	93.802124	93.803452	93.828018	93.795776	93.844208	93.770477	93.778831	93.780930	93.827820	93.854813	99.461601	99.455696	99.451195	99.417953	99.500366	99.449173	99.463478	99.433594	99.407303	99.482254	99.546555	99.512627	99.638016	99.652878	99.642334	99.980545	99.999863	100.000000
/stor/work/Ochman/rowan/projects/Salmonella_phylogeny/confirmed_genomes/New_ANI/D10GCA_013138165.1_ASM1313816v1_genomic.fna	90.049950	90.039047	90.054138	90.040436	89.885880	90.114754	90.013214	90.060837	89.999001	90.026810	90.166534	93.486053	93.481720	93.379959	93.432144	93.368858	93.432465	93.404327	93.356079	93.322723	93.381790	93.308464	93.364746	93.382401	95.599365	95.560913	95.491562	95.522324	95.476257	95.515289	95.608803	95.556900	95.493874	95.534088	95.516953	95.534470	95.559647	95.598923	95.555038	95.567551	95.569473	95.569656	95.569656
/stor/work/Ochman/rowan/projects/Salmonella_phylogeny/confirmed_genomes/New_ANI/D11GCA_013138305.1_ASM1313830v1_genomic.fna	89.911026	89.941795	89.946648	89.910538	89.823318	89.927643	89.897049	89.983818	89.946762	89.904900	90.004242	93.254028	93.345070	93.273308	93.316376	93.314270	93.337418	93.344971	93.231682	93.236328	93.242996	93.257668	93.326920	93.341103	95.461655	95.449310	95.372772	95.470192	95.346756	95.407333	95.461044	95.371849	95.392334	95.368958	95.355942	95.392929	95.401459	95.484924	95.387070	95.441536	95.473473	95.473923	95.473923	98.984665
/stor/work/Ochman/rowan/projects/Salmonella_phylogeny/confirmed_genomes/New_ANI/D12GCA_002211865.1_ASM221186v1_genomic.fna	89.927116	89.887192	89.929199	89.919189	89.744843	89.887642	89.915741	89.968170	89.960281	89.908798	90.008423	93.289078	93.369995	93.200821	93.198380	93.302536	93.284653	93.291229	93.287514	93.187492	93.262924	93.177475	93.317398	93.338318	95.499779	95.485756	95.420372	95.483276	95.328720	95.417847	95.551491	95.400131	95.313828	95.407013	95.324463	95.452316	95.366791	95.483627	95.360641	95.428314	95.410477	95.410835	95.410835	98.879929	99.421494
/stor/work/Ochman/rowan/projects/Salmonella_phylogeny/confirmed_genomes/New_ANI/E10GCA_006051055.2_ASM605105v2_genomic.fna	89.705933	89.667175	89.697723	89.688309	89.552521	89.747665	89.803894	89.789726	89.753983	89.730461	89.845177	92.823227	92.860107	92.799103	92.839798	92.815117	92.861969	92.763802	92.787048	92.696609	92.769386	92.688705	92.794128	92.729416	94.601761	94.702225	94.585579	94.624329	94.630501	94.560104	94.640823	94.655807	94.633194	94.645325	94.657471	94.669220	94.628288	94.643684	94.597466	94.671913	94.653488	94.653816	94.661331	94.650391	94.584473	94.609192
/stor/work/Ochman/rowan/projects/Salmonella_phylogeny/confirmed_genomes/New_ANI/E11GCA_013138375.1_ASM1313837v1_genomic.fna	89.746849	89.769363	89.757370	89.731689	89.632828	89.821640	89.845276	89.814316	89.789169	89.816345	89.937180	92.862259	92.891327	92.836411	92.824493	92.750122	92.827736	92.767242	92.817963	92.729233	92.802856	92.712494	92.812790	92.829941	94.640839	94.654236	94.567780	94.635086	94.637894	94.449738	94.632088	94.670479	94.626114	94.624962	94.626205	94.616699	94.611664	94.680740	94.569328	94.657379	94.674179	94.674469	94.674469	94.669708	94.629028	94.628448	99.558746
/stor/work/Ochman/rowan/projects/Salmonella_phylogeny/confirmed_genomes/New_ANI/E12GCA_013138225.1_ASM1313822v1_genomic.fna	89.722809	89.690613	89.739777	89.705688	89.602844	89.801819	89.799500	89.799210	89.804466	89.715340	89.872696	92.821579	92.790909	92.782944	92.779709	92.733284	92.770973	92.749619	92.766815	92.678917	92.767227	92.702995	92.742714	92.782028	94.612900	94.588890	94.539703	94.574966	94.545929	94.529678	94.604965	94.606491	94.567184	94.585457	94.559402	94.600685	94.538681	94.545837	94.556595	94.523956	94.560699	94.560760	94.560760	94.662346	94.643555	94.675964	99.565468	99.729225
/stor/work/Ochman/rowan/projects/Salmonella_phylogeny/confirmed_genomes/New_ANI/F10GCA_013162165.1_ASM1316216v1_genomic.fna	89.464081	89.482697	89.487938	89.447609	89.331116	89.436157	89.471848	89.512032	89.462143	89.489891	89.479782	92.789429	92.894089	92.818527	92.815491	92.834770	92.800552	92.756393	92.825150	92.803154	92.804604	92.745697	92.779449	92.804779	93.886002	93.895401	93.748871	93.894104	93.807091	93.855164	93.886551	93.883362	93.785385	93.843910	93.903839	93.842514	93.849991	93.899246	93.799286	93.853928	93.881706	93.881088	93.881088	93.638435	93.638351	93.614929	92.934235	92.954216	92.982780
/stor/work/Ochman/rowan/projects/Salmonella_phylogeny/confirmed_genomes/New_ANI/H10GCA_013348865.1_ASM1334886v1_genomic.fna	89.785110	89.794891	89.781761	89.778458	89.627052	89.720123	89.772697	89.921227	89.855980	89.941223	89.962418	93.115387	93.166176	93.192642	93.149536	93.162201	93.096832	93.083885	93.063492	92.976959	93.041168	92.996124	93.088699	93.122101	94.643005	94.655991	94.408165	94.588074	94.504272	94.521255	94.708328	94.651947	94.540909	94.439804	94.498047	94.582138	94.560333	94.636597	94.539383	94.534172	94.600327	94.598785	94.633072	94.405823	94.473854	94.430649	93.906761	93.893906	93.896301	96.523376
/stor/work/Ochman/rowan/projects/Salmonella_phylogeny/confirmed_genomes/New_ANI/H11GCA_013162025.1_ASM1316202v1_genomic.fna	89.907211	89.871979	89.848618	89.903198	89.705597	89.929794	89.954681	89.936768	89.876022	89.961662	90.050377	93.069450	93.163208	93.096710	93.135178	93.064056	93.132660	93.088425	93.062546	92.947144	92.985710	93.001251	93.038635	93.032257	94.634308	94.685440	94.494812	94.575661	94.528809	94.552704	94.626709	94.595070	94.549805	94.497932	94.548904	94.566940	94.534889	94.673874	94.545731	94.565552	94.591064	94.597343	94.597343	94.473343	94.473557	94.488815	93.899872	93.882111	93.909225	96.623825	97.520638
/stor/work/Ochman/rowan/projects/Salmonella_phylogeny/confirmed_genomes/New_ANI/I10GCA_900478215.1_47328_E01_genomic.fna	89.826248	89.789871	89.819107	89.809982	89.678238	89.788925	89.859802	89.808090	89.871033	89.864731	89.911591	93.331696	93.336060	93.261978	93.296928	93.303230	93.287247	93.236649	93.238449	93.221275	93.253456	93.151154	93.207169	93.232056	94.851898	94.869873	94.789215	94.909927	94.820183	94.835327	94.897461	94.888123	94.780457	94.851654	94.803116	94.814240	94.813934	94.858421	94.826248	94.827446	94.903183	94.903198	94.903198	94.776382	94.721588	94.718872	93.953934	93.983032	93.963226	96.758629	97.122894	97.128708
/stor/work/Ochman/rowan/projects/Salmonella_phylogeny/confirmed_genomes/New_ANI/I11GCA_009648815.1_ASM964881v1_genomic.fna	89.773735	89.731232	89.749619	89.783928	89.619530	89.778206	89.798592	89.805252	89.782593	89.802048	89.899612	93.370720	93.335190	93.295715	93.289780	93.269211	93.267868	93.250519	93.204369	93.229126	93.193024	93.151596	93.195419	93.221985	94.817253	94.827896	94.755478	94.858101	94.842133	94.788254	94.857346	94.813690	94.758438	94.776932	94.793625	94.829071	94.850861	94.872421	94.793350	94.828613	94.841263	94.841827	94.841827	94.708801	94.732391	94.737885	93.990692	94.034454	93.991104	96.799873	97.112938	97.286957	99.470276
/stor/work/Ochman/rowan/projects/Salmonella_phylogeny/confirmed_genomes/New_ANI/I12GCA_013161805.1_ASM1316180v1_genomic.fna	89.711388	89.764709	89.691879	89.705322	89.602020	89.790741	89.781067	89.816376	89.845200	89.774971	89.881332	93.247498	93.299751	93.151787	93.211746	93.269547	93.238304	93.203690	93.165726	93.186646	93.121399	93.090675	93.159256	93.163239	94.751862	94.745560	94.664536	94.717072	94.617249	94.508537	94.772156	94.696548	94.587967	94.716713	94.721283	94.724800	94.637848	94.740501	94.642921	94.654739	94.728477	94.728714	94.741272	94.584770	94.536949	94.621643	93.891693	93.898727	93.939926	96.772614	96.988846	97.161057	99.235802	99.371147
/stor/work/Ochman/rowan/projects/Salmonella_phylogeny/confirmed_genomes/New_ANI/I13GCA_013138205.1_ASM1313820v1_genomic.fna	89.759689	89.723534	89.701263	89.752937	89.618988	89.822861	89.801880	89.798859	89.806351	89.756821	89.872879	93.201241	93.330139	93.307968	93.248886	93.213959	93.224251	93.250015	93.159836	93.171532	93.162460	93.114227	93.155487	93.228348	94.817322	94.847588	94.754578	94.830765	94.803284	94.734665	94.863159	94.817146	94.737137	94.775826	94.803116	94.790710	94.761948	94.826996	94.740791	94.803612	94.848114	94.848419	94.848419	94.676361	94.649345	94.727112	93.945221	93.939148	93.941139	96.824699	97.070740	97.238312	99.328857	99.387070	99.411903
/stor/work/Ochman/rowan/projects/Salmonella_phylogeny/confirmed_genomes/New_ANI/I14GCA_900635725.1_32752_C01_genomic.fna	89.715187	89.730530	89.744507	89.729477	89.568230	89.791809	89.795860	89.806030	89.772041	89.778603	89.819885	93.255646	93.334976	93.260010	93.225616	93.203934	93.281113	93.203979	93.169815	93.140274	93.159348	93.123978	93.174255	93.159294	94.783928	94.790695	94.744102	94.817825	94.682678	94.699738	94.833954	94.765549	94.687042	94.682686	94.734360	94.775856	94.674133	94.849777	94.713974	94.734146	94.822594	94.825577	94.825577	94.698792	94.692924	94.559464	93.906052	93.965286	93.932999	96.703491	97.070740	97.200508	99.212685	99.345306	99.343445	99.533920
/stor/work/Ochman/rowan/projects/Salmonella_phylogeny/confirmed_genomes/New_ANI/I15GCA_003325115.1_ASM332511v1_genomic.fna	89.699432	89.741562	89.754898	89.704437	89.631752	89.769852	89.777435	89.774979	89.804031	89.806183	89.892792	93.245041	93.265884	93.236633	93.263260	93.256851	93.191833	93.199524	93.166748	93.155479	93.162949	93.131348	93.152176	93.180717	94.782074	94.771477	94.716911	94.795029	94.782799	94.815704	94.826683	94.825775	94.715012	94.751038	94.822075	94.823608	94.764015	94.766373	94.703674	94.820663	94.826523	94.823967	94.844231	94.655640	94.713394	94.646194	93.951813	93.981262	93.980515	96.747559	97.004410	97.222565	99.270821	99.356552	99.310165	99.317772	99.325546
/stor/work/Ochman/rowan/projects/Salmonella_phylogeny/confirmed_genomes/New_ANI/I16GCA_003325315.1_ASM332531v1_genomic.fna	89.759682	89.675743	89.729111	89.765472	89.619720	89.808159	89.750595	89.834610	89.831863	89.819801	89.859459	93.274773	93.280678	93.244606	93.234505	93.276009	93.273010	93.227005	93.236229	93.158119	93.172043	93.137337	93.180351	93.182259	94.763535	94.821396	94.747307	94.799988	94.770035	94.814987	94.828857	94.808029	94.711380	94.727432	94.829353	94.813828	94.787170	94.764633	94.724335	94.842056	94.835274	94.835068	94.835068	94.725754	94.685669	94.722061	93.980850	93.944290	94.012848	96.726669	97.158310	97.276215	99.290817	99.387878	99.357925	99.400635	99.338104	99.416557
/stor/work/Ochman/rowan/projects/Salmonella_phylogeny/confirmed_genomes/New_ANI/I17GCA_013138105.1_ASM1313810v1_genomic.fna	89.796715	89.747757	89.781143	89.800026	89.636749	89.789612	89.824570	89.788803	89.811111	89.816620	89.842194	93.228851	93.310501	93.254997	93.241089	93.254082	93.204025	93.218781	93.175209	93.134583	93.136192	93.089432	93.201851	93.187477	94.834595	94.840019	94.705048	94.800659	94.685669	94.751282	94.884216	94.796066	94.735809	94.747551	94.706238	94.768448	94.758171	94.781540	94.652939	94.731438	94.796402	94.796570	94.804092	94.609924	94.611420	94.652267	93.942017	93.849174	94.036911	96.764359	97.083725	97.296585	99.317375	99.369141	99.181274	99.381760	99.360733	99.479309	99.524788
/stor/work/Ochman/rowan/projects/Salmonella_phylogeny/confirmed_genomes/New_ANI/I18GCA_016454305.1_ASM1645430v1_genomic.fna	89.732422	89.747902	89.759521	89.729820	89.608139	89.737915	89.782288	89.803162	89.856339	89.777443	89.827370	93.219955	93.312386	93.220673	93.199821	93.197021	93.214157	93.184402	93.182266	93.114716	93.183044	93.091446	93.149681	93.180557	94.854660	94.821259	94.713211	94.756660	94.718704	94.761909	94.823532	94.807693	94.701767	94.789932	94.706131	94.724945	94.742302	94.770653	94.700912	94.809357	94.819069	94.819183	94.834305	94.660034	94.608589	94.623222	94.017075	93.921524	93.998047	96.744514	97.006516	97.178192	99.283554	99.379547	99.252556	99.374687	99.326462	99.419067	99.508293	99.523544
/stor/work/Ochman/rowan/projects/Salmonella_phylogeny/confirmed_genomes/New_ANI/J10GCA_900475895.1_47972_E02_genomic.fna	90.055862	90.042953	90.017715	90.041672	89.907135	90.195709	90.150612	90.118759	90.117332	90.068893	90.219955	93.546898	93.577621	93.566483	93.565811	93.480255	93.559265	93.549026	93.520721	93.477661	93.527267	93.494278	93.504494	93.538170	95.729095	95.730782	95.607544	95.769119	95.676956	95.679214	95.721031	95.703995	95.674957	95.623810	95.697876	95.690811	95.756531	95.736298	95.747437	95.681465	95.752518	95.752899	95.752899	95.668114	95.695251	95.650871	94.933197	94.910645	94.960083	93.956131	94.863144	94.931282	95.157196	95.110504	95.025238	95.095581	95.117516	95.089142	95.100815	95.058685	95.134117
/stor/work/Ochman/rowan/projects/Salmonella_phylogeny/confirmed_genomes/New_ANI/J11GCA_900635535.1_30316_A02_genomic.fna	90.162506	90.169510	90.135773	90.157509	90.002739	90.212906	90.201538	90.234634	90.239227	90.252686	90.314552	93.697647	93.699738	93.637360	93.728195	93.707520	93.679504	93.656273	93.602150	93.555435	93.636200	93.559601	93.615532	93.655197	95.847084	95.796692	95.688942	95.764351	95.732071	95.705978	95.791443	95.721497	95.683350	95.797791	95.780640	95.770142	95.751350	95.752350	95.666916	95.742935	95.824066	95.822037	95.822037	95.688042	95.632439	95.609566	95.203278	95.143051	95.154808	93.994934	95.205246	95.220840	95.306976	95.280411	95.227768	95.309433	95.290932	95.279549	95.278946	95.361877	95.297577	96.829498
/stor/work/Ochman/rowan/projects/Salmonella_phylogeny/confirmed_genomes/New_ANI/J12GCA_900635655.1_31629_D01_genomic.fna	90.139603	90.131241	90.150978	90.136658	89.958092	90.185654	90.225342	90.140625	90.199745	90.175743	90.322647	93.663620	93.707077	93.624916	93.683609	93.653717	93.620743	93.570755	93.624176	93.563110	93.639923	93.579086	93.649803	93.649040	95.822571	95.835304	95.754272	95.807938	95.771942	95.745651	95.817307	95.857925	95.744629	95.760025	95.772980	95.728516	95.809303	95.806992	95.807487	95.813995	95.806664	95.806946	95.806946	95.713562	95.690125	95.641891	95.143700	95.148148	95.124023	93.959488	95.252625	95.024246	95.336662	95.340034	95.195786	95.297943	95.393875	95.276482	95.277077	95.272354	95.272881	96.814026	98.291489
/stor/work/Ochman/rowan/projects/Salmonella_phylogeny/confirmed_genomes/New_ANI/J13GCA_900478195.1_47297_E02_genomic.fna	90.136719	90.114059	90.145844	90.134117	90.009476	90.221474	90.160019	90.222160	90.216568	90.224487	90.314987	93.702530	93.755005	93.645004	93.740158	93.707886	93.707581	93.696411	93.694626	93.633324	93.668671	93.568344	93.657204	93.644096	95.882332	95.836746	95.788620	95.898781	95.780304	95.792526	95.913460	95.845047	95.797821	95.780884	95.835716	95.822723	95.857529	95.916916	95.841995	95.840698	95.865852	95.866348	95.866348	95.746796	95.736862	95.671524	95.191513	95.189560	95.212051	94.024979	95.295349	95.139145	95.383064	95.375137	95.323875	95.318085	95.369003	95.369034	95.380737	95.297340	95.309982	96.910507	98.326202	99.159317
/stor/work/Ochman/rowan/projects/Salmonella_phylogeny/confirmed_genomes/New_ANI/J14GCA_003994635.1_ASM399463v1_genomic.fna	90.159286	90.145645	90.159088	90.169739	89.983978	90.241661	90.206802	90.249985	90.243073	90.251709	90.356415	93.765442	93.806946	93.747650	93.814064	93.776794	93.773773	93.752090	93.695724	93.661766	93.735046	93.643829	93.685089	93.740120	95.986908	95.983459	95.885132	95.985199	95.954620	95.845673	96.012543	96.024368	95.892403	95.925659	95.955093	95.937897	95.992760	95.953041	95.938675	96.024559	95.985786	95.986115	95.986115	95.887718	95.827835	95.865555	95.172180	95.207977	95.135933	94.119553	95.239883	95.207855	95.450211	95.518761	95.388184	95.438965	95.468796	95.421188	95.424423	95.396057	95.423538	97.106339	97.894867	97.996567	98.034698
/stor/work/Ochman/rowan/projects/Salmonella_phylogeny/confirmed_genomes/New_ANI/J14GCA_003994675.1_ASM399467v1_genomic.fna	90.181488	90.158859	90.166824	90.178619	89.980270	90.202248	90.179222	90.193954	90.210144	90.228607	90.316666	93.756012	93.794136	93.785324	93.825104	93.750565	93.761520	93.775322	93.710541	93.680283	93.677643	93.614594	93.703079	93.732277	96.021774	95.985504	95.917099	96.031593	95.927780	95.879501	96.081894	96.055626	95.926636	95.951889	95.941818	95.958435	95.975861	95.966675	95.918449	96.022499	96.008057	96.008385	96.008385	95.918320	95.833351	95.832848	95.154404	95.191177	95.142494	94.137985	95.237663	95.223206	95.443893	95.497978	95.419479	95.410583	95.481873	95.447189	95.415482	95.390289	95.433304	97.074707	97.903778	97.982231	97.979073	99.989243
/stor/work/Ochman/rowan/projects/Salmonella_phylogeny/confirmed_genomes/New_ANI/J15GCA_003994555.1_ASM399455v1_genomic.fna	90.129211	90.148201	90.152756	90.115311	90.004234	90.212723	90.194962	90.246780	90.218254	90.223534	90.374489	93.792175	93.802383	93.778976	93.827118	93.754356	93.826332	93.788956	93.732788	93.674271	93.724258	93.673843	93.765648	93.743561	95.994644	95.981247	95.883728	95.986977	95.940224	95.826698	96.009827	95.982765	95.892822	95.926872	95.911171	95.944099	95.937180	95.928192	95.906891	95.970474	95.962006	95.963058	95.963058	95.841827	95.821136	95.809738	95.115356	95.182114	95.144058	94.108093	95.203766	95.224579	95.429741	95.508896	95.386017	95.405731	95.445473	95.441948	95.416451	95.409187	95.423187	97.046822	97.874748	97.994553	97.974701	99.972992	99.981888
/stor/work/Ochman/rowan/projects/Salmonella_phylogeny/confirmed_genomes/New_ANI/J16GCA_002234475.1_ASM223447v1_genomic.fna	90.111130	90.138962	90.074387	90.100990	89.978134	90.217690	90.231606	90.220589	90.248856	90.165314	90.294434	93.706154	93.659454	93.721207	93.757866	93.660080	93.705566	93.664032	93.646812	93.582047	93.649414	93.541771	93.596329	93.575470	95.906082	95.903778	95.818756	95.923759	95.815338	95.818283	95.885246	95.836105	95.789505	95.847427	95.845131	95.872238	95.875214	95.893906	95.853287	95.862350	95.859192	95.859543	95.859543	95.804718	95.852707	95.825241	95.126961	95.180023	95.101715	94.067345	95.239365	95.179672	95.394028	95.374016	95.288116	95.297539	95.398857	95.313225	95.365273	95.313278	95.301239	97.481819	97.907120	97.844620	97.936325	98.360870	98.394867	98.345078
/stor/work/Ochman/rowan/projects/Salmonella_phylogeny/confirmed_genomes/New_ANI/J17GCA_900477985.1_47297_D02_genomic.fna	90.035950	90.031425	90.017273	90.031013	89.883926	90.188538	90.157654	90.110809	90.125572	90.094238	90.243149	93.638199	93.707115	93.679626	93.744308	93.609581	93.709412	93.641418	93.594894	93.663528	93.643852	93.638069	93.662186	93.688263	95.891373	95.866676	95.693672	95.896782	95.724899	95.701324	95.900826	95.816772	95.771919	95.731033	95.798409	95.804276	95.743622	95.880173	95.733841	95.772507	95.863480	95.863708	95.863708	95.812088	95.773354	95.558540	95.081680	95.083389	95.078751	94.000809	95.125259	95.168739	95.437012	95.414589	95.302124	95.296844	95.175003	95.302094	95.320801	95.391869	95.363022	96.941360	97.889847	97.923737	98.007164	98.636971	98.652527	98.644302	98.455826
/stor/work/Ochman/rowan/projects/Salmonella_phylogeny/confirmed_genomes/New_ANI/J18GCA_900478435.1_31701_G01_genomic.fna	90.103271	90.062622	90.097778	90.105331	89.927872	90.231415	90.180878	90.186142	90.170563	90.167953	90.261116	93.746529	93.787010	93.797836	93.797798	93.689957	93.758179	93.725578	93.658417	93.644310	93.668922	93.602814	93.695114	93.680847	95.917358	95.917435	95.841629	95.978348	95.894012	95.897491	95.977310	95.907913	95.891052	95.896164	95.894524	95.877563	95.985184	95.985146	95.941811	95.921387	95.939117	95.939270	95.939270	95.928146	95.871109	95.900253	95.149231	95.147659	95.122284	94.062935	95.292763	95.256500	95.503494	95.437302	95.413071	95.369331	95.462730	95.399658	95.449997	95.481476	95.408134	97.052612	98.018570	98.107697	98.173393	98.752197	98.748085	98.726166	98.562683	98.940460
/stor/work/Ochman/rowan/projects/Salmonella_phylogeny/confirmed_genomes/New_ANI/J19GCA_003324795.1_ASM332479v1_genomic.fna	90.041534	90.059341	90.052704	90.030334	89.967827	90.197380	90.155289	90.143738	90.161552	90.178223	90.304184	93.791039	93.776581	93.757202	93.783501	93.701019	93.719193	93.730545	93.656242	93.647781	93.679260	93.677322	93.649117	93.706787	95.917137	95.871094	95.841820	95.840027	95.803864	95.849030	95.952171	95.862869	95.901108	95.793648	95.878845	95.820084	95.914192	95.879395	95.840744	95.858261	95.909203	95.909363	95.909363	95.855453	95.838142	95.811356	95.122421	95.169693	95.111633	94.063980	95.233124	95.157990	95.466614	95.418297	95.317101	95.354836	95.411423	95.378792	95.410683	95.383194	95.303406	97.084778	97.902618	98.049713	98.101433	98.680542	98.698021	98.686005	98.554031	99.122681	99.113220
/stor/work/Ochman/rowan/projects/Salmonella_phylogeny/confirmed_genomes/New_ANI/J20GCA_015832325.1_ASM1583232v1_genomic.fna	89.965225	89.992798	89.982315	89.954178	89.806213	89.965530	90.007782	90.007462	90.016495	90.019958	90.158691	93.555855	93.616974	93.521729	93.556137	93.518341	93.567062	93.529472	93.408051	93.426308	93.490067	93.435127	93.536140	93.524536	95.738098	95.713570	95.635918	95.731613	95.615952	95.549545	95.753372	95.665253	95.560356	95.574524	95.629089	95.647934	95.599556	95.735229	95.593407	95.650215	95.703217	95.703514	95.703514	95.731110	95.664955	95.526283	94.960274	94.956352	94.943344	93.908325	95.060257	94.977310	95.291649	95.256386	95.139267	95.196335	95.097656	95.262497	95.263458	95.239944	95.184769	96.898293	97.738853	97.846207	97.897522	98.565948	98.547165	98.599792	98.320221	98.677460	98.888382	98.889664
/stor/work/Ochman/rowan/projects/Salmonella_phylogeny/confirmed_genomes/New_ANI/J21GCA_013161625.1_ASM1316162v1_genomic.fna	90.056366	90.056641	90.102417	90.056335	89.928253	90.154556	90.154732	90.177826	90.160172	90.162155	90.250526	93.715431	93.769058	93.708931	93.724556	93.642502	93.744476	93.706573	93.615829	93.603806	93.629158	93.567390	93.586769	93.642960	95.928558	95.909637	95.811577	95.905930	95.874390	95.797958	95.913132	95.894379	95.877960	95.855202	95.881470	95.877167	95.960426	95.969940	95.922348	95.910095	95.962654	95.962891	95.962891	95.861023	95.827026	95.817276	95.171005	95.152924	95.118492	94.069870	95.238983	95.187241	95.411255	95.433289	95.285393	95.317734	95.360863	95.411880	95.373123	95.394958	95.329330	97.057854	97.921387	98.009804	98.038681	98.724976	98.672867	98.690407	98.539215	98.946243	99.086632	99.085106	98.886139
/stor/work/Ochman/rowan/projects/Salmonella_phylogeny/confirmed_genomes/New_ANI/J22GCA_003324815.1_ASM332481v1_genomic.fna	90.055962	90.065704	90.008087	90.060364	89.919655	90.050690	90.096947	90.167267	90.197678	90.123215	90.263290	93.667038	93.728676	93.665535	93.723358	93.709297	93.725250	93.701172	93.654762	93.576012	93.590904	93.574394	93.616638	93.620712	95.945465	95.918388	95.795219	95.810699	95.818558	95.723396	95.839088	95.839867	95.777298	95.752518	95.788536	95.873810	95.806839	95.831146	95.762772	95.816406	95.873154	95.873413	95.873413	95.863297	95.814575	95.730988	95.097443	95.119202	95.175865	94.096748	95.172844	95.159943	95.450027	95.426582	95.286255	95.444267	95.330246	95.405640	95.384605	95.361115	95.262268	97.093346	97.865234	97.982819	98.061249	98.725937	98.694763	98.686401	98.528320	98.933655	99.100571	99.059265	98.826920	99.167862
/stor/work/Ochman/rowan/projects/Salmonella_phylogeny/confirmed_genomes/New_ANI/J23GCA_013138325.1_ASM1313832v1_genomic.fna	90.035286	90.052704	90.055260	90.038818	89.935623	90.119141	90.114456	90.147781	90.148880	90.078629	90.249390	93.569077	93.641800	93.563141	93.584999	93.582581	93.598450	93.552872	93.557434	93.483994	93.554932	93.468452	93.572937	93.533447	95.802673	95.760262	95.641891	95.780014	95.568535	95.598984	95.849014	95.716232	95.640259	95.605766	95.681641	95.702866	95.648712	95.814743	95.544090	95.714035	95.804214	95.808311	95.816147	95.777054	95.771095	95.660789	95.115028	94.924698	95.128632	94.012764	95.096283	95.082764	95.398285	95.390045	95.098854	95.304604	95.281258	95.353271	95.335266	95.421707	95.239227	96.989777	97.881386	97.907028	98.060730	98.720055	98.705017	98.713715	98.444084	98.901871	99.048904	99.108253	98.720711	99.211121	99.299713
/stor/work/Ochman/rowan/projects/Salmonella_phylogeny/confirmed_genomes/New_ANI/J24GCA_900478225.1_47328_C01_genomic.fna	90.102615	90.088593	90.048965	90.087051	89.946030	90.112656	90.136566	90.173309	90.148468	90.113953	90.248016	93.679337	93.714600	93.658524	93.651855	93.691086	93.658997	93.614487	93.673172	93.551849	93.672653	93.510651	93.570831	93.582901	95.965118	95.911591	95.788918	95.920425	95.823059	95.732468	95.918373	95.891830	95.862991	95.786072	95.876038	95.840500	95.926498	95.924477	95.848694	95.950272	95.904823	95.907623	95.907623	95.827591	95.781120	95.730171	95.192360	95.198898	95.148811	94.030525	95.203735	95.218224	95.431442	95.385010	95.326004	95.300827	95.407295	95.375916	95.334381	95.334579	95.256561	97.050430	97.890015	97.999733	98.141418	98.720276	98.696762	98.718620	98.528885	98.968498	99.050659	99.093948	98.848648	99.158180	99.261024	99.315384
/stor/work/Ochman/rowan/projects/Salmonella_phylogeny/confirmed_genomes/New_ANI/J25GCA_016903075.1_ASM1690307v1_genomic.fna	90.090469	90.087311	90.101532	90.088318	89.959335	90.106354	90.138641	90.158257	90.173508	90.155655	90.284836	93.718277	93.764023	93.709229	93.728500	93.676445	93.726120	93.640045	93.660667	93.650940	93.671097	93.582779	93.645111	93.620468	95.902596	95.883438	95.826599	95.930023	95.869736	95.867355	95.979065	95.921524	95.964188	95.769478	95.878296	95.862549	95.955856	95.964539	95.887238	95.922806	95.937225	95.935005	95.935005	95.905251	95.876434	95.885895	95.191109	95.172646	95.136017	94.099640	95.235321	95.291000	95.526245	95.450546	95.420120	95.407562	95.498062	95.437126	95.403503	95.403122	95.445946	97.100418	97.978638	98.011353	98.087891	98.725510	98.688881	98.707779	98.570992	98.955551	99.093704	99.136078	98.902252	99.268524	99.304420	99.343475	99.447327
/stor/work/Ochman/rowan/projects/Salmonella_phylogeny/confirmed_genomes/New_ANI/K10GCA_006051135.2_ASM605113v2_genomic.fna	89.744049	89.709183	89.697403	89.733078	89.598869	89.802872	89.784035	89.812790	89.827805	89.842499	89.863205	93.134552	93.075233	93.119530	93.128914	93.095871	93.081955	93.110535	93.062210	92.993660	93.093170	92.995560	93.056610	93.094315	95.147469	95.118225	95.100006	95.109360	95.133377	95.098892	95.137878	95.099258	95.119522	95.122543	95.105606	95.089020	95.140739	95.168701	95.113907	95.150742	95.158897	95.159134	95.159134	95.239380	95.213905	95.224937	94.481079	94.532578	94.482742	93.474289	94.619110	94.703506	94.774124	94.707886	94.632332	94.654617	94.712868	94.702034	94.737671	94.737587	94.641296	95.579346	95.791847	95.789413	95.812820	95.952087	95.953781	95.960381	95.919067	95.899597	95.940567	96.007599	95.776291	95.928825	95.922119	95.889359	95.950172	95.943054
/stor/work/Ochman/rowan/projects/Salmonella_phylogeny/confirmed_genomes/New_ANI/K11GCA_007019045.2_ASM701904v2_genomic.fna	89.707405	89.744484	89.695427	89.671677	89.582626	89.802109	89.762695	89.790756	89.822769	89.764526	89.830269	93.080536	93.168175	93.098068	93.094818	93.051270	93.136772	93.107544	93.051727	92.978729	93.047417	92.994873	92.993134	93.064842	95.066177	95.057098	95.099487	95.175758	95.071503	95.026581	95.178459	95.075554	95.048889	95.108910	95.112358	95.111740	94.988861	95.204178	95.059875	95.082047	95.153595	95.153748	95.153748	95.184021	95.160683	95.149452	94.440826	94.389359	94.410217	93.529503	94.567719	94.589417	94.697311	94.675125	94.603989	94.618622	94.724731	94.650520	94.684830	94.621765	94.521210	95.508484	95.772247	95.818115	95.821548	95.906204	95.936287	95.925674	95.844673	95.803070	95.984230	95.937195	95.804260	95.901779	95.873260	95.830276	95.957840	95.932724	99.369804
/stor/work/Ochman/rowan/projects/Salmonella_phylogeny/confirmed_genomes/New_ANI/L10GCA_900635555.1_31108_G01_genomic.fna	90.125694	90.092468	90.105484	90.112839	89.975273	90.117874	90.130699	90.220566	90.198944	90.260254	90.357162	93.351318	93.365952	93.351837	93.338074	93.342079	93.325729	93.358871	93.177719	93.176270	93.226852	93.227066	93.216728	93.289703	95.051819	95.028061	94.953995	95.057419	95.049995	94.997734	95.089127	95.032784	94.968559	94.952164	95.031784	95.041016	95.083336	95.023193	94.962875	95.010010	95.015305	95.015274	95.015274	95.068092	95.056274	95.093185	94.529015	94.541107	94.507149	93.610825	95.505661	95.519264	94.850220	94.817703	94.714417	94.759140	94.724731	94.785515	94.822357	94.769714	94.748161	95.548508	95.949966	95.955574	96.051758	96.041534	96.051895	95.994400	95.957291	95.972137	96.074745	96.046837	95.835449	96.033089	96.017944	96.009125	96.029846	96.007385	95.472321	95.477562
/stor/work/Ochman/rowan/projects/Salmonella_phylogeny/confirmed_genomes/New_ANI/L11GCA_900635545.1_30316_G02_genomic.fna	90.096184	90.079521	90.063087	90.086517	89.929306	90.068604	90.078415	90.186790	90.161362	90.124069	90.403580	93.289322	93.337021	93.246292	93.323982	93.269470	93.178879	93.219208	93.147522	93.108383	93.171555	93.092606	93.155922	93.162552	95.005768	94.993774	94.925491	94.984459	94.978989	94.891281	95.000946	94.926224	94.949631	94.896851	94.981995	94.983612	95.010429	95.042694	94.987167	95.012878	94.948235	94.948578	94.948578	94.953209	94.896393	94.955208	94.442062	94.437088	94.396057	93.491959	95.450546	95.424805	94.726410	94.664108	94.563354	94.649826	94.689194	94.673126	94.667061	94.690254	94.597672	95.452408	95.770889	95.831215	95.930679	95.966293	95.920868	95.895058	95.878784	95.901779	95.999420	95.961182	95.760048	95.901001	95.856659	95.847168	95.860504	95.872543	95.360199	95.346260	99.337494
/stor/work/Ochman/rowan/projects/Salmonella_phylogeny/confirmed_genomes/New_ANI/L12GCA_002211585.1_ASM221158v1_genomic.fna	90.092560	90.095207	90.063339	90.105087	89.953636	90.131622	90.171890	90.216171	90.159523	90.238495	90.395241	93.172432	93.218201	93.199829	93.207687	93.052307	93.114258	93.110794	92.979706	93.026566	93.079239	92.967522	93.110245	93.091965	94.898735	94.988159	94.927444	94.929382	94.793823	94.899933	95.020966	94.919037	94.840912	94.841972	94.912041	94.929794	94.835724	95.025711	94.941467	94.969849	94.974075	94.974228	94.974228	94.912193	94.960831	94.948730	94.596542	94.554916	94.575546	93.489868	95.267395	95.307114	94.633011	94.644737	94.451904	94.576859	94.546280	94.581436	94.633743	94.618423	94.584549	95.527008	95.974792	95.988693	96.004761	95.935417	95.924934	95.962128	95.931259	95.899010	96.000275	95.931068	95.745956	95.914154	95.900467	95.836197	95.927048	95.938889	95.424408	95.320862	97.696182	97.691254
/stor/work/Ochman/rowan/projects/Salmonella_phylogeny/confirmed_genomes/New_ANI/L13GCA_002504105.1_ASM250410v1_genomic.fna	90.126190	90.100830	90.074432	90.121292	89.950012	90.202957	90.222595	90.392059	90.252472	90.309769	90.406631	93.197708	93.261795	93.144081	93.147507	93.109764	93.130898	93.146080	93.037659	93.044609	93.158569	93.070236	93.062569	93.137253	95.027939	94.998184	94.943939	94.936157	94.988754	94.934540	95.034973	95.014008	94.845459	94.902740	94.971214	94.927666	94.903397	94.951874	94.840820	95.014969	95.065704	95.065399	95.065399	95.005394	95.017662	94.965042	94.363091	94.366867	94.416138	93.546692	95.628151	95.514160	94.728500	94.707657	94.640747	94.571198	94.694412	94.685913	94.687027	94.630356	94.543167	95.501801	96.011642	95.963585	95.975044	95.956284	95.900856	95.902679	95.932770	95.806824	96.011414	95.944000	95.703094	95.875076	95.851486	95.793060	95.936905	95.925659	95.551010	95.423080	97.789101	97.821838	97.551453
/stor/work/Ochman/rowan/projects/Salmonella_phylogeny/confirmed_genomes/New_ANI/L14GCA_000493295.2_ASM49329v2_genomic.fna	90.148346	90.078812	90.165176	90.159821	90.030304	90.166664	90.231079	90.347366	90.238731	90.303429	90.501358	93.350159	93.411835	93.284340	93.348709	93.248810	93.314224	93.273788	93.172409	93.132416	93.202957	93.117958	93.235794	93.249001	95.116707	95.118256	94.948166	94.952614	95.071243	94.984978	95.114876	95.144760	95.093399	95.012520	95.032600	95.037384	94.870049	95.145432	94.988739	95.141830	95.129700	95.129929	95.143814	94.978142	95.013649	95.030014	94.483467	94.426285	94.420097	93.652740	95.736885	95.795395	94.821182	94.821701	94.671616	94.757172	94.783783	94.758865	94.820549	94.743118	94.680435	95.571686	96.037163	95.976318	96.051552	96.024223	96.002518	95.978027	95.949142	95.823097	96.016266	95.965912	95.767593	95.921791	95.878532	95.794327	95.941132	95.893639	95.541245	95.337753	97.888489	97.879700	97.587082	98.536362
/stor/work/Ochman/rowan/projects/Salmonella_phylogeny/confirmed_genomes/New_ANI/L15GCA_003030105.1_ASM303010v1_genomic.fna	90.080193	90.076218	90.068474	90.068298	89.965027	90.101486	90.134277	90.292137	90.227859	90.276634	90.372795	93.283493	93.326469	93.316757	93.272987	93.199997	93.248466	93.245743	93.168304	93.129158	93.169022	93.114197	93.113533	93.125366	95.052628	95.066071	94.855591	94.955055	94.993813	95.011475	94.962860	95.005722	94.994293	94.898727	94.944626	94.950821	94.971535	94.984398	94.918243	94.909393	94.994118	94.994308	94.994308	94.946289	94.950096	95.018387	94.463074	94.516777	94.465149	93.526787	95.619362	95.672165	94.754555	94.778809	94.673180	94.652847	94.656097	94.732422	94.718369	94.656464	94.666611	95.532318	95.927094	95.828735	95.872070	95.931496	95.898773	95.943161	95.944550	95.887482	95.957916	95.922394	95.684708	95.937607	95.885895	95.862473	95.849617	95.907623	95.519836	95.541092	97.924103	97.808601	97.873787	98.087280	98.115265
/stor/work/Ochman/rowan/projects/Salmonella_phylogeny/confirmed_genomes/New_ANI/L16GCA_011302515.1_ASM1130251v1_genomic.fna	90.132660	90.063538	90.090302	90.115051	89.930840	90.224480	90.160797	90.305374	90.245842	90.237366	90.426018	93.341377	93.407715	93.306473	93.343903	93.253098	93.341003	93.315338	93.233803	93.170990	93.195862	93.190613	93.261673	93.271889	95.015945	95.034340	95.013184	95.109055	95.057808	94.908813	95.164841	95.107437	95.061104	95.000511	94.950226	95.010178	95.072487	95.102402	95.116516	95.076828	95.071640	95.072037	95.079765	95.089737	95.131424	95.178009	94.468536	94.527634	94.476227	93.664764	95.666016	95.686310	94.815331	94.793137	94.781677	94.767487	94.757584	94.751907	94.839798	94.600868	94.746338	95.630936	96.012459	95.977638	96.013596	95.989510	95.994484	95.992683	95.983185	95.908340	96.034897	96.048042	95.840729	96.020920	96.024002	95.772606	95.988686	96.023224	95.586685	95.495262	97.954071	97.885490	97.763824	98.128426	98.338158	98.438293
/stor/work/Ochman/rowan/projects/Salmonella_phylogeny/confirmed_genomes/New_ANI/L17GCA_001612515.1_ASM161251v1_genomic.fna	90.113113	90.081055	90.142174	90.122253	89.993515	90.263535	90.174889	90.276184	90.246269	90.226997	90.420998	93.309708	93.271454	93.233353	93.227554	93.166931	93.287552	93.134918	93.074005	93.039490	93.068787	93.049896	93.076462	93.105186	94.969559	94.997589	94.833397	95.009346	94.943901	94.856003	95.067047	95.056839	94.891785	94.927139	94.947067	94.959824	94.878952	95.008255	94.953506	94.969025	95.034050	95.033562	95.033562	94.910446	94.972366	94.962357	94.433434	94.379303	94.374535	93.566925	95.480774	95.503014	94.731934	94.654785	94.516495	94.666016	94.693054	94.602768	94.661598	94.572319	94.613968	95.513947	95.973434	95.852844	95.860474	95.921539	95.933800	95.877853	95.907043	95.785324	95.983284	95.829361	95.681671	95.823944	95.888123	95.742172	95.788567	95.810654	95.493332	95.435608	97.817070	97.827454	97.735825	97.901886	98.103226	98.493317	98.558258
/stor/work/Ochman/rowan/projects/Salmonella_phylogeny/confirmed_genomes/New_ANI/L18GCA_001048375.2_M223_genomic.fna	89.962875	89.983154	89.981400	89.950569	89.864899	90.032349	90.116714	90.211647	90.115013	90.163055	90.257484	93.219299	93.257660	93.165146	93.285439	93.113342	93.155128	93.147293	93.049835	93.047035	93.082970	93.070312	93.138725	93.158691	94.993774	94.944656	94.889282	94.945312	94.908524	94.915482	94.945908	94.902786	94.830734	94.952850	94.898972	94.931152	94.878960	94.953903	94.885986	94.952133	95.000092	95.000473	95.000473	94.928574	94.951813	94.844406	94.365555	94.464737	94.415924	93.578941	95.487534	95.472473	94.690895	94.705887	94.633148	94.689743	94.454559	94.694893	94.689850	94.619156	94.637276	95.504517	95.879829	95.906860	95.958931	95.923080	95.882477	95.917511	95.912598	95.809494	95.928757	95.812263	95.762650	95.876526	95.876709	95.880096	95.875916	95.902588	95.392715	95.377731	97.697472	97.664978	97.646446	97.899582	97.860451	98.124542	98.089745	98.083221
/stor/work/Ochman/rowan/projects/Salmonella_phylogeny/confirmed_genomes/New_ANI/L18GCA_001975515.1_ASM197551v1_genomic.fna	90.243896	90.199585	90.199310	90.247772	90.083679	90.217430	90.209747	90.349167	90.311157	90.294281	90.375252	93.369049	93.344101	93.307785	93.352119	93.310211	93.276222	93.322815	93.227783	93.174316	93.198273	93.197601	93.216812	93.241806	95.070847	95.083023	95.022797	95.045601	95.050400	94.994614	95.147697	95.009323	95.036255	95.018127	95.081818	95.097794	95.126663	95.147629	95.116676	95.074158	95.142395	95.142593	95.142593	95.161499	95.141220	95.167259	94.573975	94.566177	94.584808	93.646866	95.712440	95.709869	94.787552	94.787895	94.799438	94.797974	94.811691	94.852081	94.826630	94.878662	94.822739	95.626183	96.075584	95.984238	96.063690	96.062355	96.078720	96.050354	96.029213	96.029152	96.081741	96.027634	95.848206	96.079903	96.125656	96.017471	96.086288	96.022064	95.629288	95.612000	97.956497	97.861382	97.871460	98.053207	98.139999	98.262238	98.337936	98.376419	98.378380
/stor/work/Ochman/rowan/projects/Salmonella_phylogeny/confirmed_genomes/New_ANI/L19GCA_005545055.2_ASM554505v2_genomic.fna	90.189766	90.149956	90.140167	90.167847	89.984528	90.177567	90.203293	90.382545	90.290054	90.321991	90.521591	93.264465	93.340775	93.235992	93.291779	93.214966	93.250183	93.220482	93.154434	93.036453	93.122009	93.132683	93.193802	93.198669	95.091263	95.022659	94.939400	94.995766	95.073936	94.891396	95.023827	94.983871	94.990189	94.981613	94.984497	94.941353	95.037659	95.020294	94.980713	94.996979	95.047485	95.045937	95.045937	94.806534	94.970566	95.007736	94.544281	94.550217	94.489624	93.591637	95.610947	95.607437	94.709793	94.644531	94.650269	94.653610	94.645386	94.724838	94.753525	94.570312	94.704590	95.486771	96.012894	95.926178	95.983383	95.926857	95.906952	95.919464	95.941933	95.875557	96.017250	95.911331	95.744431	95.988266	95.904236	95.749557	95.920616	95.860672	95.566391	95.438568	97.822281	97.814194	97.852631	98.040298	98.162994	98.400719	98.407761	98.398849	98.217278	98.369362
/stor/work/Ochman/rowan/projects/Salmonella_phylogeny/confirmed_genomes/New_ANI/L20GCA_000018385.1_ASM1838v1_genomic.fna	90.115112	90.088364	90.118378	90.101639	89.970718	90.204025	90.179665	90.333710	90.198128	90.266052	90.382935	93.238815	93.287933	93.240448	93.243835	93.145393	93.252747	93.174980	93.060349	93.053970	93.144058	93.091110	93.142914	93.158600	95.016357	95.015472	94.918854	95.022705	94.973320	94.868042	95.062263	95.039421	94.928261	94.871025	94.976036	94.986526	94.958252	94.988159	94.920975	94.928497	95.003830	95.003479	95.003479	94.958115	94.991249	94.985092	94.451515	94.489540	94.454025	93.582077	95.494171	95.555389	94.755859	94.661667	94.544067	94.681076	94.513245	94.631119	94.647507	94.709900	94.635094	95.537308	95.913544	95.836838	95.982956	95.846115	95.827271	95.906242	95.881073	95.815140	95.951958	95.899437	95.666512	95.841553	95.830902	95.792923	95.880600	95.824081	95.487442	95.471436	97.791946	97.870087	97.758316	97.944145	98.036652	98.402840	98.325256	98.335083	98.178589	98.360214	98.594475
/stor/work/Ochman/rowan/projects/Salmonella_phylogeny/confirmed_genomes/New_ANI/L21GCA_000750435.1_ASM75043v1_genomic.fna	90.149261	90.144653	90.135666	90.163300	90.002258	90.208939	90.203705	90.330482	90.261711	90.298248	90.418716	93.326553	93.286819	93.302307	93.336334	93.274887	93.194122	93.287659	93.075897	93.137901	93.148132	93.136734	93.178818	93.204224	94.995758	95.043030	95.023376	95.087097	94.978935	94.995453	95.001984	95.111969	94.989044	94.973709	95.058571	95.059853	95.042694	95.031830	95.017502	95.026321	95.014008	95.014168	95.014168	95.096558	95.039062	95.128769	94.475571	94.544022	94.507385	93.588821	95.645744	95.561043	94.743744	94.729683	94.687515	94.666473	94.690796	94.661835	94.677933	94.739220	94.678696	95.593445	95.987686	95.946899	96.040939	95.951134	95.947174	95.940292	96.003273	95.943245	96.039452	95.962990	95.761284	95.948212	95.975128	95.936813	95.930298	96.016838	95.565002	95.515121	97.943939	97.823868	97.894890	98.055023	98.224915	98.508179	98.373993	98.516884	98.191933	98.423965	98.751801	98.747192
/stor/work/Ochman/rowan/projects/Salmonella_phylogeny/confirmed_genomes/New_ANI/L22GCA_015241115.1_ASM1524111v1_genomic.fna	90.145309	90.135689	90.133270	90.142021	89.983566	90.194817	90.231483	90.326065	90.228958	90.254272	90.422592	93.342133	93.278877	93.335602	93.355492	93.311676	93.236580	93.301392	93.115868	93.091698	93.081802	93.104820	93.205093	93.188400	95.029770	95.017715	94.974319	95.025360	94.943466	94.957596	95.051208	95.015167	94.944946	94.928459	94.990654	94.981590	94.995857	95.024841	95.000755	94.987976	94.994568	94.994705	94.994705	95.027939	95.001457	95.102051	94.494003	94.533829	94.471085	93.580376	95.622887	95.545609	94.737465	94.715126	94.640282	94.683197	94.682678	94.636017	94.688255	94.690216	94.631958	95.494995	95.990173	95.933380	96.025719	95.941284	95.907982	95.967247	95.934555	95.868744	96.022194	95.917130	95.753830	95.935257	95.909149	95.919754	95.896927	95.972473	95.551964	95.457825	97.940262	97.821831	97.797516	98.007095	98.121414	98.518143	98.370605	98.446190	98.211670	98.394638	98.693802	98.737839	99.980072
/stor/work/Ochman/rowan/projects/Salmonella_phylogeny/confirmed_genomes/New_ANI/L23GCA_002900325.1_ASM290032v1_genomic.fna	90.177963	90.102905	90.154732	90.179932	90.031418	90.219978	90.204201	90.301765	90.248245	90.238922	90.403366	93.378326	93.341171	93.350143	93.344269	93.295647	93.280647	93.312439	93.175674	93.167740	93.208145	93.145233	93.269157	93.232864	95.102844	95.120529	95.040527	95.126953	95.054863	95.000259	95.136803	95.072311	95.055481	95.051758	95.079697	95.085205	95.057831	95.169106	95.135040	95.046486	95.146698	95.146103	95.146103	95.097649	95.079712	95.103699	94.491081	94.511398	94.484039	93.585205	95.635925	95.639587	94.758438	94.672073	94.737831	94.711777	94.702538	94.676956	94.745399	94.719406	94.705193	95.603905	95.974701	95.948700	95.994377	95.933350	95.969162	95.938675	95.972702	95.901176	95.991409	95.913315	95.776184	95.912613	95.958649	95.941910	95.999420	95.960709	95.531555	95.544640	97.927452	97.932831	97.880203	98.093033	98.135757	98.475479	98.451576	98.510803	98.212677	98.434708	98.742355	98.728096	98.854935	98.818024
/stor/work/Ochman/rowan/projects/Salmonella_phylogeny/confirmed_genomes/New_ANI/L24GCA_003971525.1_ASM397152v1_genomic.fna	90.131668	90.115891	90.113266	90.113373	90.048332	90.157379	90.207764	90.320053	90.261902	90.285538	90.455132	93.282196	93.315399	93.243965	93.332855	93.239990	93.314865	93.284492	93.136841	93.099388	93.154510	93.124641	93.225853	93.204468	95.081497	95.081711	95.016129	95.115448	95.011490	95.038094	95.145355	95.032890	95.047791	94.994415	95.069427	95.041946	95.075180	95.066238	95.017227	95.050575	95.039352	95.039566	95.068039	95.022629	95.040680	95.062630	94.567963	94.555069	94.556114	93.646812	95.572845	95.638420	94.803024	94.742813	94.704178	94.734520	94.736038	94.719490	94.780869	94.730850	94.819336	95.582458	95.976395	95.967651	96.033279	95.946449	95.994019	95.947327	95.965439	95.845680	95.960266	95.932274	95.752739	95.917648	95.985413	95.857368	95.950226	95.872772	95.575317	95.540405	97.852455	97.775513	97.892456	98.025085	98.175270	98.487183	98.318268	98.366547	98.179649	98.418015	98.684723	98.574020	98.793945	98.746643	98.814621
/stor/work/Ochman/rowan/projects/Salmonella_phylogeny/confirmed_genomes/New_ANI/L25GCA_001690055.1_ASM169005v1_genomic.fna	90.204620	90.160004	90.149879	90.195312	90.009949	90.152084	90.205238	90.358704	90.319077	90.335655	90.456741	93.334457	93.328117	93.283493	93.307404	93.224533	93.254852	93.252197	93.121674	93.110489	93.138718	93.116745	93.204742	93.220932	95.073166	95.065422	94.959503	95.058327	95.050034	94.859238	95.140747	95.050079	95.084686	94.975861	95.078949	95.059166	95.087921	95.076073	94.996262	95.051239	95.057838	95.057449	95.092026	95.061523	95.058632	95.103256	94.515793	94.610825	94.523445	93.609772	95.558990	95.580948	94.812988	94.755859	94.753250	94.716263	94.746475	94.737885	94.753448	94.617218	94.783546	95.589325	95.988098	95.988876	96.053955	95.973724	96.001335	95.927216	95.958740	95.860199	95.993958	95.954056	95.758179	95.941269	95.930664	95.733658	95.948318	95.926483	95.525169	95.526886	97.882767	97.831161	97.813057	98.042130	98.156158	98.519951	98.342606	98.407707	98.170868	98.438278	98.646393	98.623306	98.823929	98.783707	98.834396	99.982025
/stor/work/Ochman/rowan/projects/Salmonella_phylogeny/confirmed_genomes/New_ANI/L26GCA_016454785.1_ASM1645478v1_genomic.fna	90.098145	90.091270	90.057266	90.098740	89.992279	90.157120	90.194649	90.253197	90.232254	90.267807	90.376282	93.357765	93.320358	93.291901	93.343742	93.252823	93.264938	93.282494	93.091560	93.093208	93.187790	93.166016	93.255478	93.221283	95.064224	95.042915	95.024353	95.030205	95.032578	95.059082	95.152176	95.068466	94.999023	94.998978	95.046143	95.176102	95.024261	95.016281	95.002861	95.058792	95.028412	95.029373	95.029373	95.110550	95.038124	95.113022	94.571495	94.553650	94.538589	93.611328	95.629623	95.630264	94.798981	94.745972	94.675964	94.794739	94.731979	94.732498	94.714508	94.749084	94.749786	95.537872	95.958939	95.971237	96.006798	95.960869	95.963470	95.978699	95.912689	95.869476	96.006180	95.906960	95.714806	95.934387	95.904869	95.861359	95.926186	95.894440	95.540283	95.523224	97.864334	97.864761	97.872650	98.059883	98.179726	98.485519	98.384598	98.503197	98.260574	98.423065	98.708374	98.719772	98.854286	98.833771	98.884109	98.923691	98.922447
/stor/work/Ochman/rowan/projects/Salmonella_phylogeny/confirmed_genomes/New_ANI/L27GCA_009756555.1_ASM975655v1_genomic.fna	90.059357	90.032845	90.058273	90.061401	89.931488	90.142838	90.181084	90.301453	90.164093	90.271072	90.409836	93.288040	93.327271	93.256561	93.304321	93.246262	93.149628	93.204102	93.095856	93.104324	93.141708	93.093407	93.133194	93.125854	95.053146	95.035416	94.958588	95.018349	95.022903	94.890587	95.110802	95.018944	94.919159	94.975067	94.944336	94.880325	94.851974	95.040955	94.949783	95.005173	95.052567	95.052628	95.052628	95.029472	94.987671	95.062256	94.516304	94.448303	94.445572	93.563263	95.592911	95.454796	94.762451	94.676392	94.594681	94.652405	94.635406	94.642609	94.697823	94.634758	94.589539	95.508324	96.004707	95.947357	96.003304	95.911346	95.898018	95.912994	95.913925	95.826164	95.992188	95.914215	95.764587	95.927391	95.838890	95.879257	95.960793	95.954262	95.541557	95.533600	97.903702	97.836014	97.729416	98.004532	97.992165	98.478043	98.265495	98.493790	98.230888	98.414841	98.700363	98.748016	98.851387	98.832703	98.898346	98.978981	98.986359	99.090347
/stor/work/Ochman/rowan/projects/Salmonella_phylogeny/confirmed_genomes/New_ANI/L28GCA_002163995.1_ASM216399v1_genomic.fna	90.099747	90.158340	90.120438	90.096382	90.016151	90.153931	90.190239	90.359795	90.240372	90.282806	90.435959	93.323936	93.293228	93.264313	93.252312	93.211472	93.249466	93.261551	93.088806	93.144737	93.183731	93.141083	93.184036	93.216934	94.997643	95.041382	94.950630	95.116699	94.989944	94.915665	95.156639	95.070175	94.997055	94.996109	95.046539	95.053383	94.892288	95.070145	94.978134	95.020973	95.025299	95.023323	95.055099	95.024292	94.992149	95.102928	94.516037	94.451820	94.456207	93.542725	95.561897	95.485344	94.834366	94.716965	94.615601	94.727600	94.741013	94.723022	94.736435	94.703674	94.620575	95.546066	96.029503	95.971619	96.015976	95.998329	95.971832	95.956062	95.998482	95.852661	96.005463	95.901711	95.732620	95.928963	95.874046	95.824646	95.929688	95.964241	95.584000	95.562363	97.873444	97.842484	97.710922	97.927444	97.967323	98.478439	98.276016	98.404869	98.241547	98.397461	98.652420	98.679764	98.804779	98.795578	98.910400	98.913277	98.929276	99.258484	99.894394
/stor/work/Ochman/rowan/projects/Salmonella_phylogeny/confirmed_genomes/New_ANI/L29GCA_000006945.2_ASM694v2_genomic.fna	90.085953	90.063110	90.080200	90.072060	89.977631	90.161728	90.221390	90.321609	90.234131	90.295166	90.410416	93.322807	93.320618	93.300034	93.388123	93.258911	93.241943	93.244843	93.100037	93.161057	93.155640	93.166862	93.244644	93.227936	95.046646	95.045219	95.004448	95.065491	95.000626	94.968628	95.058037	95.072662	94.993805	94.982796	95.019577	95.055756	94.927780	95.025208	94.938919	95.031761	95.026306	95.026459	95.026459	95.034515	95.015701	95.079987	94.495499	94.461197	94.479073	93.590027	95.604607	95.547600	94.869270	94.752945	94.635437	94.701279	94.775024	94.707504	94.748192	94.677246	94.642052	95.530418	96.011215	95.948532	96.007736	95.931313	95.962067	95.929901	95.972122	95.864182	95.987617	95.949570	95.781380	95.906525	95.853226	95.863670	95.933289	95.959396	95.585564	95.553436	97.942978	97.867813	97.712173	97.967003	98.008850	98.517899	98.306908	98.447723	98.233597	98.403259	98.724152	98.743340	98.815948	98.825317	98.919022	99.041672	99.046494	99.266685	99.939987	99.952278
