Caenorhabditis_elegans	99.94356538067595	100.0	99.95847906976745	98.44118149538056	nematoda	403.66370775008534	330.0	3129	227	2929	.93608181527644614892	42387951	23499566	.55439259142297300475	GCF_000002985.6_WBcel235_cds_from_genomic.fna	GCA_018136795.1_ASM1813679v1_genomic.fna
Caenorhabditis_elegans	99.82250322788913	100.0	99.79974778761061	98.13539426816824	nematoda	496.94351194318915	378.5	3129	227	3098	.99009268136784915308	42387951	31428750	.74145480634343471804	GCF_000002985.6_WBcel235_cds_from_genomic.fna	GCA_016989385.1_ECA396_Canu_genomic.fna
Caenorhabditis_elegans	99.95580717185386	100.0	99.95211111111111	98.19790559370281	nematoda	418.3958051420839	334.0	3129	227	2956	.94471077021412591882	42387951	25323588	.59742420670440050286	GCF_000002985.6_WBcel235_cds_from_genomic.fna	GCA_018136835.1_ASM1813683v1_genomic.fna
Caenorhabditis_elegans	99.90411927788519	100.0	99.93429955947136	97.67769003477217	nematoda	497.1408768536428	380.0	3129	227	3102	.99137104506232023010	42387951	33678880	.79453899529137419263	GCF_000002985.6_WBcel235_cds_from_genomic.fna	GCA_004526295.1_ASM452629v1_genomic.fna
Caenorhabditis_elegans	99.93645891073152	100.0	99.94938766519823	98.09267925479574	nematoda	498.62391234289396	381.0	3129	227	3103	.99169063598593799936	42387951	34068395	.80372828118065909814	GCF_000002985.6_WBcel235_cds_from_genomic.fna	GCA_016989245.1_JU2600_Canu_genomic.fna
Caenorhabditis_elegans	99.90898679549105	100.0	99.93201762114538	97.58252474653717	nematoda	496.6988727858293	380.0	3129	227	3105	.99232981783317353787	42387951	33777908	.79687522522614976128	GCF_000002985.6_WBcel235_cds_from_genomic.fna	GCA_016989095.1_QX1794_Canu_genomic.fna
Caenorhabditis_elegans	99.89988009049766	100.0	99.93429955947136	97.67401013355902	nematoda	496.80833872010345	380.0	3129	227	3094	.98881431767337807606	42387951	33557559	.79167683759943951997	GCF_000002985.6_WBcel235_cds_from_genomic.fna	GCA_020450165.1_ASM2045016v1_genomic.fna
Caenorhabditis_elegans	99.87362016752569	100.0	99.92474449339205	97.92079967631915	nematoda	497.5943943298969	381.0	3129	227	3104	.99201022690955576861	42387951	31634038	.74629788073502302576	GCF_000002985.6_WBcel235_cds_from_genomic.fna	GCA_016989285.1_JU2526_Canu_genomic.fna
Caenorhabditis_elegans	86.1263620689655	85.166	84.42083333333332	86.7326741051375	nematoda	459.49655172413793	335.5	3129	227	580	.18536273569830616810	42387951	1490144	.03515489578630493368	GCF_000002985.6_WBcel235_cds_from_genomic.fna	GCA_001483305.2_ASM148330v2_genomic.fna
Caenorhabditis_elegans	99.81323081882658	100.0	99.80795154185022	97.90541603964505	nematoda	496.75983236621533	380.0	3129	227	3102	.99137104506232023010	42387951	32858139	.77517639387664669141	GCF_000002985.6_WBcel235_cds_from_genomic.fna	GCA_016989455.1_ECA36_Canu_genomic.fna
Drosophila_melanogaster	99.62993862368275	99.787	99.67183050847459	98.73950605489645	diptera	986.8112213267204	786.0	3270	238	3207	.98073394495412844036	61009812	33146000	.54328965970260652499	GCF_000001215.4_Release_6_plus_ISO1_MT_cds_from_genomic.fna	GCA_020141985.1_ASM2014198v1_genomic.fna
Drosophila_melanogaster	99.69067019950141	99.844	99.7310606060606	99.48092208103714	diptera	936.8513092269327	755.0	3270	238	3188	.97492354740061162079	61009812	23312321	.38210773375272816772	GCF_000001215.4_Release_6_plus_ISO1_MT_cds_from_genomic.fna	GCA_001014345.1_ASM101434v1_genomic.fna
Drosophila_melanogaster	99.60120785648014	99.754	99.6443983050848	98.70950481718836	diptera	849.9452520878441	717.0	3270	238	3213	.98256880733944954128	61009812	30567366	.50102376975034769817	GCF_000001215.4_Release_6_plus_ISO1_MT_cds_from_genomic.fna	GCA_927718715.1_dmsj23_genome_assembly_genomic.fna
Drosophila_melanogaster	99.67637193418203	99.85	99.71986075949368	98.66947498836726	diptera	1008.0965538652592	803.0	3270	238	3202	.97920489296636085626	61009812	34464691	.56490406821774831890	GCF_000001215.4_Release_6_plus_ISO1_MT_cds_from_genomic.fna	GCA_015832445.1_ASM1583244v1_genomic.fna
Drosophila_melanogaster	99.60114551659949	99.756	99.64367932489449	98.63776923029786	diptera	985.1675457648154	787.0	3270	238	3204	.97981651376146788990	61009812	33561349	.55009756463435750301	GCF_000001215.4_Release_6_plus_ISO1_MT_cds_from_genomic.fna	GCA_020141515.1_ASM2014151v1_genomic.fna
Drosophila_melanogaster	99.62284653619159	99.783	99.69272881355936	98.55776461414057	diptera	1007.1310966138552	803.0	3270	238	3200	.97859327217125382262	61009812	33333565	.54636400125278209347	GCF_000001215.4_Release_6_plus_ISO1_MT_cds_from_genomic.fna	GCA_003401885.1_ASM340188v1_genomic.fna
Drosophila_melanogaster	99.57596120422096	99.722	99.6117383966245	98.52134747834283	diptera	978.8845437616387	777.0	3270	238	3202	.97920489296636085626	61009812	32508936	.53284766719163140512	GCF_000001215.4_Release_6_plus_ISO1_MT_cds_from_genomic.fna	GCA_020141625.1_ASM2014162v1_genomic.fna
Drosophila_melanogaster	99.62935509950276	99.773	99.66963135593222	98.56071004694827	diptera	984.247512437811	783.0	3270	238	3197	.97767584097859327217	61009812	33659856	.55171217377296622385	GCF_000001215.4_Release_6_plus_ISO1_MT_cds_from_genomic.fna	GCA_020141735.1_ASM2014173v1_genomic.fna
Drosophila_melanogaster	99.65861024844732	99.8265	99.70041350210971	98.74584876701603	diptera	1010.7760869565218	804.5	3270	238	3201	.97889908256880733944	61009812	33756721	.55329986920792347303	GCF_000001215.4_Release_6_plus_ISO1_MT_cds_from_genomic.fna	GCA_003401795.1_ASM340179v1_genomic.fna
Drosophila_melanogaster	99.67583322981376	99.8475	99.71753586497893	98.722629708275	diptera	1011.0664596273292	804.0	3270	238	3201	.97889908256880733944	61009812	35129867	.57580683907041051036	GCF_000001215.4_Release_6_plus_ISO1_MT_cds_from_genomic.fna	GCA_003401735.1_ASM340173v1_genomic.fna
Drosophila_simulans	99.02094502457014	99.126	98.99469327731092	98.93616474032734	diptera	1003.127457002457	800.5	3269	238	3235	.98959926583052921382	58699620	24703275	.42084216218094767904	GCF_016746395.2_Prin_Dsim_3.1_cds_from_genomic.fna	GCA_000820565.1_M252_genomic.fna
Drosophila_simulans	99.2269781874042	99.344	99.2918613445378	98.38097499859887	diptera	869.4175115207373	728.0	3269	238	3234	.98929336188436830835	58699620	31656131	.53929022027740554368	GCF_016746395.2_Prin_Dsim_3.1_cds_from_genomic.fna	GCA_927718705.1_dssj9_genome_assembly_genomic.fna
Drosophila_simulans	99.2529501375516	99.45	99.23692783505156	98.87790388650798	diptera	645.5082530949106	562.0	3269	238	2888	.88345059651269501376	58699620	10237659	.17440758560276880838	GCF_016746395.2_Prin_Dsim_3.1_cds_from_genomic.fna	GCA_000180975.1_ASM18097v1_genomic.fna
Drosophila_simulans	99.23341001228505	99.374	99.1889957983193	98.41965888327954	diptera	856.6550982800983	727.0	3269	238	3235	.98959926583052921382	58699620	31548732	.53746058322012987477	GCF_016746395.2_Prin_Dsim_3.1_cds_from_genomic.fna	GCA_927717595.1_dsgoth31_genome_assembly_genomic.fna
Drosophila_simulans	99.22933230863816	99.342	99.24076050420166	98.33890502892505	diptera	865.7027359360591	729.0	3269	238	3232	.98868155399204649739	58699620	29860884	.50870659810063506373	GCF_016746395.2_Prin_Dsim_3.1_cds_from_genomic.fna	GCA_927718675.1_dssj27_genome_assembly_genomic.fna
Drosophila_simulans	98.8888516778523	99.008	98.88686792452829	98.37767578675582	diptera	658.9577181208053	572.0	3269	238	2957	.90455796879779749158	58699620	11120253	.18944335585136666983	GCF_016746395.2_Prin_Dsim_3.1_cds_from_genomic.fna	GCA_000180875.1_ASM18087v1_genomic.fna
Drosophila_simulans	99.06379957879966	99.205	99.07894300518139	98.49555331646295	diptera	565.1642681642682	486.0	3269	238	2831	.86601407158152340165	58699620	8778923	.14955672626160101206	GCF_016746395.2_Prin_Dsim_3.1_cds_from_genomic.fna	GCA_000180935.1_ASM18093v1_genomic.fna
Drosophila_simulans	99.23048187960696	99.3325	99.23354621848745	98.3661348932175	diptera	1008.6292997542997	806.5	3269	238	3235	.98959926583052921382	58699620	32234947	.54915086332756498253	GCF_016746395.2_Prin_Dsim_3.1_cds_from_genomic.fna	GCA_018904415.1_ASM1890441v1_genomic.fna
Drosophila_simulans	99.24598057293369	99.425	99.20188262910797	98.72151754513767	diptera	739.4369443529799	628.0	3269	238	3017	.92291220556745182012	58699620	12971731	.22098492290069339460	GCF_016746395.2_Prin_Dsim_3.1_cds_from_genomic.fna	GCA_000180955.1_ASM18095v1_genomic.fna
Drosophila_simulans	98.97556738056024	99.094	99.03683412322266	98.48073227296564	diptera	708.1686985172981	618.0	3269	238	3015	.92230039767513000917	58699620	12278956	.20918288738496092478	GCF_016746395.2_Prin_Dsim_3.1_cds_from_genomic.fna	GCA_000180855.1_ASM18085v1_genomic.fna
