3702	99.52344134572809	99.821	99.68326229508197	98.52377178884613	brassicales	674.7651615759186	453.0	4596	255	4513	.98194081810269799825	62670512	36931197	.58929145177559742929	GCF_000001735.4_TAIR10.1_cds_from_genomic.fna	GCA_903064315.1_AT6911.Cvi-0.contigs_genomic.fna
3702	99.52200088495566	99.821	99.68889795918368	98.34610857760683	brassicales	681.274778761062	454.0	4596	255	4515	.98237597911227154046	62670512	37821089	.60349098472340548294	GCF_000001735.4_TAIR10.1_cds_from_genomic.fna	GCA_902460275.1_Arabidopsis_thaliana_Cvi-0_genomic.fna
3702	99.64074396456257	99.92	99.78881632653064	98.41744445150093	brassicales	685.9421926910298	459.0	4596	255	4510	.98128807658833768494	62670512	38779495	.61878375909869700761	GCF_000001735.4_TAIR10.1_cds_from_genomic.fna	GCA_904420315.1_AT9943.Cdm-0.scaffold_genomic.fna
3702	99.67335812306317	100.0	99.74496326530617	98.39628795531388	brassicales	687.0657370517928	459.0	4596	255	4513	.98194081810269799825	62670512	38288758	.61095333001268603007	GCF_000001735.4_TAIR10.1_cds_from_genomic.fna	GCA_902460265.3_Arabidopsis_thaliana_An-1_chrom_genomic.fna
3702	99.66324800884951	99.946	99.73830204081634	98.40185751869646	brassicales	685.4143805309734	457.0	4596	255	4515	.98237597911227154046	62670512	38436678	.61331361071375960675	GCF_000001735.4_TAIR10.1_cds_from_genomic.fna	GCA_902460285.1_Arabidopsis_thaliana_Ler_genomic.fna
3702	99.63559444064697	99.92	99.60945338983052	99.07593974493805	brassicales	677.1961722488038	454.0	4596	255	4384	.95387293298520452567	62670512	31779524	.50708894798880851651	GCF_000001735.4_TAIR10.1_cds_from_genomic.fna	GCA_000222325.1_Bur-0_2010-09-30_genomic.fna
3702	99.98613365788898	100.0	99.98305327868852	98.59443347207032	brassicales	693.6815667183005	463.0	4596	255	4514	.98215839860748476936	62670512	40500948	.64625206827734230095	GCF_000001735.4_TAIR10.1_cds_from_genomic.fna	GCA_020911765.1_ASM2091176v1_genomic.fna
3702	99.66648355555563	100.0	99.75347755102045	98.55815265250675	brassicales	685.1002222222222	459.0	4596	255	4495	.97802436901653611836	62670512	37479370	.59803835653999443949	GCF_000001735.4_TAIR10.1_cds_from_genomic.fna	GCA_900303345.1_PBfal_IT4_genomic.fna
3702	99.97534634146346	100.0	99.96819008264464	98.99740022882864	brassicales	693.3361419068736	463.5	4596	255	4505	.98020017406440382941	62670512	37419604	.59708470229188489795	GCF_000001735.4_TAIR10.1_cds_from_genomic.fna	GCA_900243955.1_SALK_oxford_assembly_genomic.fna
3702	99.66504966740584	100.0	99.75347755102045	98.40003945051185	brassicales	685.7849223946785	459.0	4596	255	4505	.98020017406440382941	62670512	38191119	.60939535646365869804	GCF_000001735.4_TAIR10.1_cds_from_genomic.fna	GCA_903064285.1_AT1741.KBS-Mac-74.PacBio_genomic.fna
3483	99.4968930623067	99.72	99.50587551867214	99.05500346169774	eudicots	636.9575784357048	390.0	2293	250	2234	.97426951591801133885	46210964	22707281	.49138297569382019383	GCF_900626175.2_cs10_cds_from_genomic.fna	GCA_001509995.1_Chemdog91_175268_genomic.fna
3483	99.474233348037	99.695	99.54003719008264	97.97431630372678	eudicots	653.7115130127922	394.0	2293	250	2238	.97601395551679023113	46210964	36525878	.79041584157387411351	GCF_900626175.2_cs10_cds_from_genomic.fna	GCA_012923435.1_JL_Mother_genomic.fna
3483	99.56128634361227	99.793	99.6319380165289	97.98251986580567	eudicots	662.6577092511013	399.0	2293	250	2241	.97732228521587440034	46210964	37726462	.81639634265149716417	GCF_900626175.2_cs10_cds_from_genomic.fna	GCA_003660325.2_Oct15_3.7Mb_N50_Jamaican_Lion_Assembly_genomic.fna
3483	99.36393021120288	99.5395	99.39283189655168	96.4889887564122	eudicots	636.3925619834711	389.0	2293	250	2150	.93763628434365460095	46210964	55229112	1.19515169603473322910	GCF_900626175.2_cs10_cds_from_genomic.fna	GCA_013030365.1_ASM1303036v1_genomic.fna
3483	99.46954303164912	100.0	99.51606532663317	98.64584411905763	eudicots	561.9789006107718	361.0	2293	250	1777	.77496729175752289576	46210964	24419172	.52842810204089228694	GCF_900626175.2_cs10_cds_from_genomic.fna	GCA_001865755.1_ASM186575v1_genomic.fna
3483	99.34869329782508	99.515	99.40176033057855	97.05431383026378	eudicots	595.3968042609854	391.0	2293	250	2224	.96990841692106410815	46210964	48833637	1.05675434513766040457	GCF_900626175.2_cs10_cds_from_genomic.fna	GCA_003417725.2_ASM341772v2_genomic.fna
3483	99.41899363057323	99.747	99.36438797814206	98.54892664977865	eudicots	518.924724956572	343.0	2293	250	1705	.74356737897950283471	46210964	21948063	.47495358460818951969	GCF_900626175.2_cs10_cds_from_genomic.fna	GCA_002090435.1_ASM209043v1_genomic.fna
3483	99.49545343580463	99.689	99.57358995815902	97.45468357026878	eudicots	613.2811934900542	388.5	2293	250	2185	.95290013083296990841	46210964	44670713	.96666914371230169532	GCF_900626175.2_cs10_cds_from_genomic.fna	GCA_000230575.5_ASM23057v5_genomic.fna
3483	99.52478067078545	99.733	99.61823140495866	97.86828257572674	eudicots	661.8861429832303	399.5	2293	250	2237	.97557784561709550806	46210964	38010699	.82254719897208809580	GCF_900626175.2_cs10_cds_from_genomic.fna	GCA_016415525.1_JL5_genomic.fna
3483	99.52687295985895	99.734	99.61503319502074	98.1262446584909	eudicots	662.2708425231583	399.0	2293	250	2238	.97601395551679023113	46210964	36839377	.79719992424308655409	GCF_900626175.2_cs10_cds_from_genomic.fna	GCA_013030025.1_JL_Father_genomic.fna
2711	99.98302962962963	100.0	99.97985714285716	97.27139393686151	eudicots	670.2644880174292	403.0	2321	254	2294	.98836708315381301163	56786559	50402953	.88758596906708152540	GCF_000317415.1_Csi_valencia_1.0_cds_from_genomic.fna	GCA_018104345.1_ASM1810434v1_genomic.fna
2711	99.57601558917938	99.729	99.61420851063833	96.19459353425322	eudicots	663.4534617148097	399.0	2321	254	2180	.93925032313657906074	56786559	56022419	.98654364671048302116	GCF_000317415.1_Csi_valencia_1.0_cds_from_genomic.fna	GCA_019143665.1_ASM1914366v1_genomic.fna
2711	99.58535122164044	99.876	99.66107755102037	95.84126066149118	eudicots	661.5946771378708	399.0	2321	254	2291	.98707453683757001292	56786559	64931013	1.14342221369673059429	GCF_000317415.1_Csi_valencia_1.0_cds_from_genomic.fna	GCA_019144245.1_ASM1914424v1_genomic.fna
2711	99.58111246730599	99.7765	99.6511393442623	95.74086599012983	eudicots	663.5653879686138	401.0	2321	254	2293	.98793623438173201206	56786559	64912156	1.14309014568042412994	GCF_000317415.1_Csi_valencia_1.0_cds_from_genomic.fna	GCA_019144225.1_ASM1914422v1_genomic.fna
2711	99.58272850283718	99.842	99.68722857142859	95.82260872609393	eudicots	659.7743343518115	400.0	2321	254	2290	.98664368806548901335	56786559	63681333	1.12141559765929821526	GCF_000317415.1_Csi_valencia_1.0_cds_from_genomic.fna	GCA_019144185.1_ASM1914418v1_genomic.fna
2711	99.98322497824194	100.0	99.97985714285716	95.95933046673811	eudicots	669.7201914708442	403.0	2321	254	2297	.98965962947005601034	56786559	65529241	1.15395688969285848082	GCF_000317415.1_Csi_valencia_1.0_cds_from_genomic.fna	GCA_018105775.1_ASM1810577v1_genomic.fna
2711	99.56795292066256	100.0	99.67082040816325	95.70737390914509	eudicots	666.294245858762	401.5	2321	254	2293	.98793623438173201206	56786559	65245710	1.14896396522282676081	GCF_000317415.1_Csi_valencia_1.0_cds_from_genomic.fna	GCA_022201065.1_DVS_B1.0_genomic.fna
2711	99.57579393652287	99.749	99.6284375	95.8171277019241	eudicots	663.3439128375178	398.0	2321	254	2110	.90909090909090909090	56786559	59163859	1.04186377977225209226	GCF_000317415.1_Csi_valencia_1.0_cds_from_genomic.fna	GCA_019144195.1_ASM1914419v1_genomic.fna
2711	99.53204539502416	100.0	99.59585655737705	95.79143626265514	eudicots	663.683980794413	399.0	2321	254	2290	.98664368806548901335	56786559	62853112	1.10683079071581005639	GCF_000317415.1_Csi_valencia_1.0_cds_from_genomic.fna	GCA_022201045.1_DVS_A1.0_genomic.fna
2711	99.59685791366898	99.7515	99.6779458333333	96.04419171233376	eudicots	663.8956834532374	401.0	2321	254	2223	.95777682033606204222	56786559	62473132	1.10013941855501404830	GCF_000317415.1_Csi_valencia_1.0_cds_from_genomic.fna	GCA_019144155.1_ASM1914415v1_genomic.fna
3659	99.69383980794416	99.764	99.70360655737701	98.8281138282257	eudicots	648.8262767350502	396.0	2319	255	2282	.98404484691677447175	44068218	28822595	.65404494005180785844	GCF_000004075.3_Cucumber_9930_V3_cds_from_genomic.fna	GCA_016161715.1_W8_PacBio_assembly_genomic.fna
3659	99.8890165938864	100.0	99.90855737704919	98.97937349145721	eudicots	658.5296943231441	399.0	2319	255	2281	.98361362656317378180	44068218	29380372	.66670206632816421122	GCF_000004075.3_Cucumber_9930_V3_cds_from_genomic.fna	GCA_016163705.1_Gy14_PacBio_assembly_genomic.fna
3659	99.87765515734255	100.0	99.89773251028808	98.84754480435427	eudicots	662.1656468531469	400.0	2319	255	2279	.98275118585597240189	44068218	31510306	.71503472184874822939	GCF_000004075.3_Cucumber_9930_V3_cds_from_genomic.fna	GCA_016161885.1_Cuc37_PacBio_assembly_genomic.fna
3659	99.94873056768559	100.0	99.95973770491803	99.04535362041983	eudicots	657.643231441048	399.5	2319	255	2281	.98361362656317378180	44068218	29535286	.67021738886741460705	GCF_000004075.3_Cucumber_9930_V3_cds_from_genomic.fna	GCA_016163745.1_XTMC_PacBio_assembly_genomic.fna
3659	99.70904797208895	99.783	99.75269672131144	98.75969329727401	eudicots	661.5198430004361	398.0	2319	255	2284	.98490728762397585166	44068218	29377002	.66662559398249323355	GCF_000004075.3_Cucumber_9930_V3_cds_from_genomic.fna	GCA_016161805.1_Cuc64_PacBio_assembly_genomic.fna
3659	99.85607326646306	100.0	99.84127868852461	98.90280007568948	eudicots	664.2904491931967	400.0	2319	255	2284	.98490728762397585166	44068218	30855971	.70018649267823808986	GCF_000004075.3_Cucumber_9930_V3_cds_from_genomic.fna	GCA_016161855.1_Cuc80_PacBio_assembly_genomic.fna
3659	99.87304912280688	100.0	99.86671193415641	99.52486062270506	eudicots	618.1368421052632	389.5	2319	255	2271	.97930142302716688227	44068218	23658140	.53685265875738383612	GCF_000004075.3_Cucumber_9930_V3_cds_from_genomic.fna	GCA_000224045.1_CSB10A_v1_genomic.fna
3659	99.91499868938395	100.0	99.93977049180329	99.01978673785983	eudicots	654.2367846221057	398.0	2319	255	2280	.98318240620957309184	44068218	29519131	.66985079814209868890	GCF_000004075.3_Cucumber_9930_V3_cds_from_genomic.fna	GCA_016161875.1_9110gt_PacBio_assembly_genomic.fna
3659	99.85610091743114	100.0	99.85247736625513	98.96308560021764	eudicots	650.6194844910441	396.0	2319	255	2280	.98318240620957309184	44068218	29099384	.66032586114555392278	GCF_000004075.3_Cucumber_9930_V3_cds_from_genomic.fna	GCA_016161765.1_Hx117_PacBio_assembly_genomic.fna
3659	99.81688340611349	100.0	99.84831967213117	98.9325102662437	eudicots	658.9890829694323	399.0	2319	255	2281	.98361362656317378180	44068218	29559955	.67077718005298058569	GCF_000004075.3_Cucumber_9930_V3_cds_from_genomic.fna	GCA_016161785.1_W4_PacBio_assembly_genomic.fna
3847	99.92394987752027	100.0	99.85544715447155	97.62393316050708	fabales	654.6468814772942	450.0	5358	255	5297	.98861515490854796565	102995257	89271785	.86675627208736417833	GCF_000004515.6_Glycine_max_v4.0_cds_from_genomic.fna	GCA_021733175.1_JD17_chr_final_genomic.fna
3847	99.89843484819912	100.0	99.83315510204082	97.67862653315106	fabales	652.9147652272299	450.0	5358	255	5293	.98786860768943635684	102995257	86494417	.83979029247919639639	GCF_000004515.6_Glycine_max_v4.0_cds_from_genomic.fna	GCA_014282065.1_WHFS_GmHF25_1.0_genomic.fna
3847	99.85359199849029	100.0	99.84112244897956	99.46764801531333	fabales	648.5563313832798	447.0	5358	255	5289	.98712206047032474804	102995257	58399431	.56701087701543382721	GCF_000004515.6_Glycine_max_v4.0_cds_from_genomic.fna	GCA_001269945.2_Glycine_max_Enrei_2.0_genomic.fna
3847	99.88866459276011	100.0	99.85078861788615	97.7811824105999	fabales	652.4764328808446	449.0	5358	255	5294	.98805524449421425905	102995257	84101809	.81656001887543229296	GCF_000004515.6_Glycine_max_v4.0_cds_from_genomic.fna	GCA_022114995.1_ASM2211499v1_genomic.fna
3847	99.88084304848141	100.0	99.84198775510204	97.69533548484065	fabales	651.974533106961	449.0	5358	255	5291	.98749533407988055244	102995257	87291557	.84752987217654110033	GCF_000004515.6_Glycine_max_v4.0_cds_from_genomic.fna	GCA_014282075.1_WHFS_GmZH35_1.0_genomic.fna
3847	99.91336912625016	100.0	99.84576422764225	97.77099939829648	fabales	653.9590488771466	452.0	5358	255	5289	.98712206047032474804	102995257	83417149	.80991252830215278748	GCF_000004515.6_Glycine_max_v4.0_cds_from_genomic.fna	GCA_002905335.2_glyma.Lee.gnm1_genomic.fna
3847	99.96199321266967	100.0	99.90558536585365	97.70653064809059	fabales	655.9713423831071	453.0	5358	255	5294	.98805524449421425905	102995257	89542630	.86938595628728806414	GCF_000004515.6_Glycine_max_v4.0_cds_from_genomic.fna	GCA_014282185.1_WHFS_GmW82_1.0_genomic.fna
3847	99.89002263296858	100.0	99.80608163265302	97.66385259000309	fabales	652.5895888344021	450.0	5358	255	5292	.98768197088465845464	102995257	87117164	.84583665828417710535	GCF_000004515.6_Glycine_max_v4.0_cds_from_genomic.fna	GCA_014282145.1_WHFS_GmHX3_1.0_genomic.fna
3847	99.89431328934972	100.0	99.85608130081302	97.75064981711023	fabales	652.7295004712536	450.0	5358	255	5295	.98824188129899216125	102995257	86064541	.83561654688623185823	GCF_000004515.6_Glycine_max_v4.0_cds_from_genomic.fna	GCA_014282085.1_WHFS_GmZH13_1.0_genomic.fna
3847	99.89000056550435	100.0	99.85608130081302	97.72415672741742	fabales	651.697643732328	449.0	5358	255	5295	.98824188129899216125	102995257	85438580	.82953897576079644133	GCF_000004515.6_Glycine_max_v4.0_cds_from_genomic.fna	GCA_003349995.2_Gmax_ZH13_v2.0_genomic.fna
4513	99.71962406015052	100.0	99.72837804878044	98.38804954946198	poales	660.1152882205514	443.0	4893	255	4770	.97486204782342121397	54599157	40641580	.74436277468533076435	GCF_904849725.1_MorexV3_pseudomolecules_assembly_cds_from_genomic.fna	GCA_004114815.1_Hulless_Barley_ass.V2_genomic.fna
4513	99.17897557666217	100.0	98.40931428571429	98.19613819640091	poales	192.2170963364993	189.0	4893	255	734	.15001021867974657674	54599157	1107076	.02027643027528794995	GCF_904849725.1_MorexV3_pseudomolecules_assembly_cds_from_genomic.fna	GCA_900067815.1_563_D_assembled_ctg_200_genomic.fna
4513	98.75273368146213	99.627	98.41391304347825	97.7445214966721	poales	193.5195822454308	191.0	4893	255	380	.07766196607398324136	54599157	633298	.01159904355299844647	GCF_904849725.1_MorexV3_pseudomolecules_assembly_cds_from_genomic.fna	GCA_900067795.1_563_B_assembled_ctg_200_genomic.fna
4513	98.91945681818179	100.0	99.378125	97.74014276547952	poales	201.03863636363636	201.0	4893	255	437	.08931126098508072756	54599157	752038	.01377380240504445883	GCF_904849725.1_MorexV3_pseudomolecules_assembly_cds_from_genomic.fna	GCA_900067805.1_563_C_assembled_ctg_200_genomic.fna
4513	99.94230704344163	100.0	99.9004349593496	99.26025354759257	poales	660.4280894137495	439.0	4893	255	4724	.96546086245657061107	54599157	37660673	.68976656544349210373	GCF_904849725.1_MorexV3_pseudomolecules_assembly_cds_from_genomic.fna	GCA_900075435.2_barley_BACs_2_genomic.fna
4513	99.25251104972372	100.0	98.73671428571429	98.11219588318947	poales	203.72651933701658	201.0	4893	255	1080	.22072348252605763335	54599157	1566354	.02868824513169681356	GCF_904849725.1_MorexV3_pseudomolecules_assembly_cds_from_genomic.fna	GCA_900067825.1_563_F_assembled_ctg_200_genomic.fna
4513	99.09933516483515	100.0	97.93900000000002	98.0443762895608	poales	187.10714285714286	181.0	4893	255	363	.07418761496014714898	54599157	607817	.01113235136579123373	GCF_904849725.1_MorexV3_pseudomolecules_assembly_cds_from_genomic.fna	GCA_900067785.1_563_A_assembled_ctg_200_genomic.fna
4513	99.73860646140498	100.0	99.70703896103895	95.44062534774011	poales	664.4872072853426	447.0	4893	255	4594	.93889229511547108113	54599157	60103291	1.10080987147841861367	GCF_904849725.1_MorexV3_pseudomolecules_assembly_cds_from_genomic.fna	GCA_017309745.1_AAC_Synergy_1.0_genomic.fna
4513	99.68816969072182	99.8735	99.76856557377047	94.87195381191466	poales	667.2068041237113	448.0	4893	255	4832	.98753321070917637441	54599157	69767171	1.27780674342645986274	GCF_904849725.1_MorexV3_pseudomolecules_assembly_cds_from_genomic.fna	GCA_907165085.1_OUH206_pseudomolecules_assembly_genomic.fna
4513	99.81703524319889	100.0	99.85273279352225	99.51488737000788	poales	619.7528854080791	406.0	4893	255	4834	.98794195789903944410	54599157	28748885	.52654448492675445520	GCF_904849725.1_MorexV3_pseudomolecules_assembly_cds_from_genomic.fna	GCA_001077415.1_ASM107741v1_genomic.fna
4530	99.70428226306021	99.851	99.74700813008128	98.22088224676685	poales	653.9764608713607	439.0	4886	255	4833	.98915268112975849365	60530878	43782197	.72330351791692167425	GCF_001433935.1_IRGSP-1.0_cds_from_genomic.fna	GCA_018853525.1_TN1_rice_v1.0_genomic.fna
4530	99.82859417596033	100.0	99.87858943089434	98.33966175111237	poales	659.0454357703428	445.0	4886	255	4832	.98894801473598035202	60530878	44466998	.73461676865153021570	GCF_001433935.1_IRGSP-1.0_cds_from_genomic.fna	GCA_009831255.1_Os117425RS1_genomic.fna
4530	99.89794175960348	100.0	99.92358536585368	98.4114242948617	poales	665.5446096654275	449.0	4886	255	4832	.98894801473598035202	60530878	45021576	.74377867111063546773	GCF_001433935.1_IRGSP-1.0_cds_from_genomic.fna	GCA_009831315.1_Os132278RS1_genomic.fna
4530	99.7111682493807	99.85249999999999	99.73597967479677	98.20534497051949	poales	653.1587530966144	439.0	4886	255	4834	.98935734752353663528	60530878	43805630	.72369064265018591007	GCF_001433935.1_IRGSP-1.0_cds_from_genomic.fna	GCA_009829725.1_ASM982972v1_genomic.fna
4530	99.70342331541947	99.835	99.71142448979599	98.16852442601524	poales	640.295163290616	434.0	4886	255	4828	.98812934916086778550	60530878	42718898	.70573729328690722113	GCF_001433935.1_IRGSP-1.0_cds_from_genomic.fna	GCA_009831335.1_Os127652RS1_genomic.fna
4530	99.7021603305786	99.848	99.75878861788618	98.22705581092718	poales	651.3917355371901	437.0	4886	255	4830	.98853868194842406876	60530878	43500806	.71865479962144279486	GCF_001433935.1_IRGSP-1.0_cds_from_genomic.fna	GCA_003865215.1_ASM386521v1_genomic.fna
4530	99.73050633713562	99.897	99.76961157024793	98.26245999762968	poales	648.852978453739	436.0	4886	255	4725	.96704871060171919770	60530878	42372922	.70002159889370843092	GCF_001433935.1_IRGSP-1.0_cds_from_genomic.fna	GCA_001618795.1_ZSv2.0_genomic.fna
4530	99.70927798430402	99.8575	99.74235772357723	98.18165169105929	poales	653.7191243287898	439.0	4886	255	4832	.98894801473598035202	60530878	43863104	.72464014151587227926	GCF_001433935.1_IRGSP-1.0_cds_from_genomic.fna	GCA_019137765.1_ASM1913776v1_genomic.fna
4530	99.86902149204377	100.0	99.89618775510203	98.36020609268733	poales	662.1926017772267	447.0	4886	255	4829	.98833401555464592713	60530878	44156675	.72949007942690010212	GCF_001433935.1_IRGSP-1.0_cds_from_genomic.fna	GCA_009831275.1_OS128077RS1_genomic.fna
4530	99.70747648902822	99.863	99.74465432098766	98.22982811384652	poales	645.5080459770115	436.0	4886	255	4776	.97748669668440442079	60530878	42186055	.69693446376244534235	GCF_001433935.1_IRGSP-1.0_cds_from_genomic.fna	GCA_001618785.1_Mhv2.0_genomic.fna
3726	99.06145094130669	99.627	99.0093127572017	97.35702886288544	brassicales	642.7151716500554	431.0	4591	255	4500	.98017861032454802875	75687060	66685751	.88107202208673450917	GCF_000801105.1_Rs1.0_cds_from_genomic.fna	GCA_019705875.1_IVFCAAS_Rs04_1.0_genomic.fna
3726	99.1038184030081	99.741	99.02030204081638	97.41446010077806	brassicales	645.69099756691	435.0	4591	255	4506	.98148551513831409279	75687060	70514163	.93165414272928556083	GCF_000801105.1_Rs1.0_cds_from_genomic.fna	GCA_019705855.1_IVFCAAS_Rs05_1.0_genomic.fna
3726	99.11706191950452	99.744	98.97947368421057	98.56867409050979	brassicales	646.8084918177798	435.0	4591	255	4507	.98170333260727510346	75687060	47172258	.62325393534905438261	GCF_000801105.1_Rs1.0_cds_from_genomic.fna	GCA_001047155.1_Rsativus_build1.00_genomic.fna
3726	99.06534432396522	99.665	98.91994650205766	97.75396757561494	brassicales	626.3642398760787	424.0	4591	255	4504	.98104988020039207144	75687060	56382644	.74494430091484594592	GCF_000801105.1_Rs1.0_cds_from_genomic.fna	GCA_002197605.1_Radish_v2.20_genomic.fna
3726	98.4594358235419	98.673	98.3941244813278	96.98215065716428	brassicales	616.2972733318554	418.0	4591	255	4496	.97930734044870398605	75687060	66291902	.87586837168731352492	GCF_000801105.1_Rs1.0_cds_from_genomic.fna	GCA_019705955.1_IVFCAAS_Rs06_1.0_genomic.fna
3726	99.11534004424779	99.7645	99.0526147540984	97.51889147495001	brassicales	644.5323008849557	436.5	4591	255	4506	.98148551513831409279	75687060	64021311	.84586864650311427078	GCF_000801105.1_Rs1.0_cds_from_genomic.fna	GCA_019703475.1_IVFCAAS_Rs00_1.1_genomic.fna
3726	99.12843143738964	99.758	99.00276326530611	97.60828558889764	brassicales	648.5599647266314	439.0	4591	255	4521	.98475277717272925288	75687060	62104583	.82054426476599830935	GCF_000801105.1_Rs1.0_cds_from_genomic.fna	GCA_902824885.1_Qing_genomic.fna
3726	99.19324673021495	99.831	99.07006938775507	98.37400629494604	brassicales	646.4967856351142	444.0	4591	255	4497	.97952515791766499673	75687060	52930722	.69933647838877609990	GCF_000801105.1_Rs1.0_cds_from_genomic.fna	GCA_010725405.1_RSAskr_r1.0_genomic.fna
3726	99.15177128363457	99.78399999999999	99.01697959183674	98.58919613808489	brassicales	629.9205999117777	429.0	4591	255	4519	.98431714223480723153	75687060	46366775	.61261165382827659047	GCF_000801105.1_Rs1.0_cds_from_genomic.fna	GCA_000715565.1_RSA_r1.0_genomic.fna
3726	98.93496937416757	99.363	98.84208163265306	97.31072890073175	brassicales	609.1819795827785	415.0	4591	255	4491	.97821825310389893269	75687060	71178919	.94043709717354591392	GCF_000801105.1_Rs1.0_cds_from_genomic.fna	GCA_019705895.1_IVFCAAS_Rs01_1.0_genomic.fna
4113	99.18159063032361	99.4065	99.22392500000001	94.85188966765475	solanales	675.1216354344123	459.5	5944	253	5853	.98469044414535666218	51858123	65046481	1.25431614638269881075	GCF_000226075.1_SolTub_3.0_cds_from_genomic.fna	GCA_020169575.1_solTubHeraHap2_genomic.fna
4113	99.17827744680855	99.383	99.18956016597511	95.02101699404243	solanales	673.4577021276596	457.0	5944	253	5858	.98553162853297442799	51858123	64919259	1.25186287594712982573	GCF_000226075.1_SolTub_3.0_cds_from_genomic.fna	GCA_020169535.1_solTubStieglitzHap2_genomic.fna
4113	99.11753778162912	99.3205	99.24191880341884	94.92911156480596	solanales	669.8173310225303	455.0	5944	253	5753	.96786675639300134589	51858123	66149742	1.27559074978475406832	GCF_000226075.1_SolTub_3.0_cds_from_genomic.fna	GCA_020169555.1_solTubStieglitzHap1_genomic.fna
4113	99.28754180418062	99.587	99.38812068965517	95.00276730189438	solanales	672.1420975430876	455.0	5944	253	5437	.91470390309555854643	51858123	65428060	1.26167428003516440423	GCF_000226075.1_SolTub_3.0_cds_from_genomic.fna	GCA_014189305.1_ASM1418930v1_genomic.fna
4113	99.17263233797063	99.363	99.16548559670787	95.02799247501814	solanales	674.9202578893791	459.0	5944	253	5877	.98872812920592193808	51858123	64073756	1.23555871854444095479	GCF_000226075.1_SolTub_3.0_cds_from_genomic.fna	GCA_020169585.1_solTubHeraHap1_genomic.fna
4113	99.49249907016059	99.813	99.47096311475407	95.53217590730353	solanales	682.2579881656804	464.0	5944	253	5898	.99226110363391655450	51858123	62541681	1.20601513093715327876	GCF_000226075.1_SolTub_3.0_cds_from_genomic.fna	GCA_014182985.2_ASM1418298v2_genomic.fna
4113	98.82853633276773	99.02	98.83746090534979	95.34241532872285	solanales	668.962818336163	459.5	5944	253	5873	.98805518169582772543	51858123	57572824	1.11019876288233571431	GCF_000226075.1_SolTub_3.0_cds_from_genomic.fna	GCA_010127505.1_ASM1012750v1_genomic.fna
4113	99.2372719387755	99.467	99.26667489711936	95.01357061362086	solanales	664.1795918367347	453.5	5944	253	5863	.98637281292059219380	51858123	64497197	1.24372409313773273282	GCF_000226075.1_SolTub_3.0_cds_from_genomic.fna	GCA_015076265.1_ASM1507626v1_genomic.fna
4113	99.4238533694549	99.721	99.50277459016394	95.3559967883185	solanales	681.5621401964104	464.5	5944	253	5889	.99074697173620457604	51858123	64024645	1.23461169236688339066	GCF_000226075.1_SolTub_3.0_cds_from_genomic.fna	GCA_014182995.2_ASM1418299v2_genomic.fna
4113	99.13095748613652	99.394	99.15037104072397	94.76285989990495	solanales	669.152865064695	458.0	5944	253	5395	.90763795423956931359	51858123	67756474	1.30657397684833290244	GCF_000226075.1_SolTub_3.0_cds_from_genomic.fna	GCA_014189475.1_ASM1418947v1_genomic.fna
4565	99.83130204672315	100.0	99.89237246963562	98.77032600839847	poales	670.4198883605541	453.0	4894	254	4834	.98774008990600735594	193153795	127376591	.65945683852600462755	GCF_018294505.1_IWGSC_CS_RefSeq_v2.1_cds_from_genomic.fna	GCA_902810675.1_Triticum_aestivum_weebil_EIv1_genomic.fna
4565	99.86393003095976	100.0	99.87975303643726	95.31372297123413	poales	679.4734778121775	455.0	4894	254	4842	.98937474458520637515	193153795	232123725	1.20175596342800305839	GCF_018294505.1_IWGSC_CS_RefSeq_v2.1_cds_from_genomic.fna	GCA_903994195.1_10wheat_assembly_julius_genomic.fna
4565	99.89598968221217	100.0	99.88171020408161	98.94341920302615	poales	672.7007841518779	456.0	4894	254	4843	.98957907642010625255	193153795	131214497	.67932652837600213860	GCF_018294505.1_IWGSC_CS_RefSeq_v2.1_cds_from_genomic.fna	GCA_900067645.1_Triticum_aestivum_CS42_TGAC_v1_genomic.fna
4565	99.86476233739424	100.0	99.90199595141699	95.29966916086049	poales	681.5416064422878	456.0	4894	254	4840	.98896608091540662035	193153795	240905963	1.24722355571631403876	GCF_018294505.1_IWGSC_CS_RefSeq_v2.1_cds_from_genomic.fna	GCA_907166925.1_wheat_cv_fielder_v1_assembly_genomic.fna
4565	99.83970332164226	100.0	99.85641700404858	98.70621476482563	poales	670.6725809779244	453.0	4894	254	4844	.98978340825500612995	193153795	127309664	.65911034261584143350	GCF_018294505.1_IWGSC_CS_RefSeq_v2.1_cds_from_genomic.fna	GCA_902810685.1_Triticum_aestivum_Robigus_EIv1.1_genomic.fna
4565	99.83786287487081	100.0	99.81721544715445	98.73772568846033	poales	670.5691830403309	453.0	4894	254	4832	.98733142623620760114	193153795	126803488	.65648975729418104366	GCF_018294505.1_IWGSC_CS_RefSeq_v2.1_cds_from_genomic.fna	GCA_902810665.1_Triticum_aestivum_Paragon_EIv1.1_genomic.fna
4565	99.35324468988958	100.0	99.73480816326531	99.07510157751297	poales	604.2425658453695	391.0	4894	254	4705	.96138128320392317123	193153795	93440875	.48376411656835424848	GCF_018294505.1_IWGSC_CS_RefSeq_v2.1_cds_from_genomic.fna	GCA_900067735.1_IWGSC_CSS_genomic.fna
4565	99.94617250618309	100.0	99.93933333333335	97.79078480391583	poales	679.7662819455894	458.0	4894	254	4849	.99080506742950551695	193153795	161566292	.83646449711226227783	GCF_018294505.1_IWGSC_CS_RefSeq_v2.1_cds_from_genomic.fna	GCA_902651665.1_Tritex_Taestivum_CS_genomic.fna
4565	99.8977904722624	100.0	99.94912955465585	95.32311826648714	poales	682.1932357187048	456.0	4894	254	4846	.99019207192480588475	193153795	233395849	1.20834203128134241421	GCF_018294505.1_IWGSC_CS_RefSeq_v2.1_cds_from_genomic.fna	GCA_903995565.1_10wheat_assembly_landmark1_genomic.fna
4565	99.86339418316844	100.0	99.8571983805668	95.2838643450086	poales	680.9401815181518	456.0	4894	254	4845	.98998774008990600735	193153795	231072548	1.19631378715598106679	GCF_018294505.1_IWGSC_CS_RefSeq_v2.1_cds_from_genomic.fna	GCA_903994185.1_10wheat_assembly_sy_mattis_genomic.fna
4577	99.46936405242339	99.679	99.53811475409837	96.74513262147515	poales	642.3881838984814	428.0	4879	254	4787	.98114367698298831727	79031323	79716324	1.00866746214029594316	GCF_902167145.1_Zm-B73-REFERENCE-NAM-5.0_cds_from_genomic.fna	GCA_902167025.1_Zm-CML333-REFERENCE-NAM-1.0_genomic.fna
4577	99.47834456928851	99.714	99.57356967213113	96.59696884954568	poales	641.9074074074074	423.0	4879	254	4786	.98093871695019471203	79031323	86961264	1.10033921613586046130	GCF_902167145.1_Zm-B73-REFERENCE-NAM-5.0_cds_from_genomic.fna	GCA_902167065.1_Zm-Il14H-REFERENCE-NAM-1.0_genomic.fna
4577	99.46327531711364	99.669	99.542646090535	96.61098840679215	poales	640.2981908920774	423.0	4879	254	4789	.98155359704857552777	79031323	80145125	1.01409317164031279091	GCF_902167145.1_Zm-B73-REFERENCE-NAM-5.0_cds_from_genomic.fna	GCA_001984235.2_Zm-EP1-REFERENCE-TUM-1.0_genomic.fna
4577	99.4789948024946	99.678	99.53311934156379	96.65071344025674	poales	640.1130977130977	423.0	4879	254	4790	.98175855708136913301	79031323	81691575	1.03366072968309033622	GCF_902167145.1_Zm-B73-REFERENCE-NAM-5.0_cds_from_genomic.fna	GCA_902167005.1_Zm-NC350-REFERENCE-NAM-1.0_genomic.fna
4577	99.4771024786503	99.679	99.52097950819675	96.73327027726958	poales	634.0451989168923	418.0	4879	254	4781	.97991391678622668579	79031323	83457440	1.05600459200208504670	GCF_902167145.1_Zm-B73-REFERENCE-NAM-5.0_cds_from_genomic.fna	GCA_002682915.2_Zm_CML247_REFERENCE_PANZEA.1.2_genomic.fna
4577					poales			4879	254	0	0	79031323	0	0	GCF_902167145.1_Zm-B73-REFERENCE-NAM-5.0_cds_from_genomic.fna	GCA_900230735.1_oilsands_bin_083_genomic.fna
4577	99.48336990008326	99.6945	99.53880246913579	96.63067294490885	poales	643.8009991673605	428.0	4879	254	4784	.98052879688460750153	79031323	84184173	1.06520009794091388296	GCF_902167145.1_Zm-B73-REFERENCE-NAM-5.0_cds_from_genomic.fna	GCA_902167035.1_Zm-NC358-REFERENCE-NAM-1.0_genomic.fna
4577	99.11638134645503	99.449	99.17376923076921	98.76382195957142	poales	601.5057034220532	391.0	4879	254	4453	.91268702602992416478	79031323	34134344	.43190905459092466413	GCF_902167145.1_Zm-B73-REFERENCE-NAM-5.0_cds_from_genomic.fna	GCA_002813485.1_ASM281348v1_genomic.fna
4577	83.415	83.415		83.415	poales	205.0	205.0	4879	254	1	.00020496003279360524	79031323	205	.00000259390824066047	GCF_902167145.1_Zm-B73-REFERENCE-NAM-5.0_cds_from_genomic.fna	GCA_900230805.1_oilsands_bin_136_genomic.fna
4577	99.49202619542633	99.7285	99.5325720164609	96.66151232689344	poales	642.0586278586279	424.0	4879	254	4790	.98175855708136913301	79031323	82772367	1.04733621883060213986	GCF_902167145.1_Zm-B73-REFERENCE-NAM-5.0_cds_from_genomic.fna	GCA_003704525.1_Zm-PE0075-REFERENCE-TUM-1.0_genomic.fna
