5693	98.37777952755903	98.396	98.3657283236994	95.77754627218916	euglenozoa	2143.6220472440946	1761.0	129	176	127	.98449612403100775193	29321243	22447172	.76556004123017567843	GCF_000209065.1_ASM20906v1_cds_from_genomic.fna	GCA_002749425.1_ASM274942v1_genomic.fna
5693	98.99347244094488	99.229	99.12116470588232	95.98045673386302	euglenozoa	2135.566929133858	1794.0	129	176	127	.98449612403100775193	29321243	27289873	.93072019491124574766	GCF_000209065.1_ASM20906v1_cds_from_genomic.fna	GCA_900252365.1_TcIII_231rod_genomic.fna
5693	98.38091379310342	98.4815	98.39936496350367	96.47340658714614	euglenozoa	1250.9827586206898	1083.5	129	176	116	.89922480620155038759	29321243	13288262	.45319572570644430046	GCF_000209065.1_ASM20906v1_cds_from_genomic.fna	GCA_003594685.1_ASM359468v1_genomic.fna
5693	98.38994444444442	98.41749999999999	98.3539132947977	96.33115908047783	euglenozoa	2124.253968253968	1760.5	129	176	126	.97674418604651162790	29321243	20484502	.69862324731594769021	GCF_000209065.1_ASM20906v1_cds_from_genomic.fna	GCA_000188675.2_Tc_SX10_v2.0_genomic.fna
5693	99.03514173228345	99.09	98.99338011695912	97.13353363343695	euglenozoa	2007.4566929133857	1674.0	129	176	127	.98449612403100775193	29321243	19424439	.66246983458375212810	GCF_000209065.1_ASM20906v1_cds_from_genomic.fna	GCA_003594585.1_ASM359458v1_genomic.fna
5693	98.40326771653537	98.421	98.3992857142857	96.96841317419378	euglenozoa	1900.7874015748032	1654.0	129	176	127	.98449612403100775193	29321243	16632315	.56724454007628530618	GCF_000209065.1_ASM20906v1_cds_from_genomic.fna	GCA_019345295.1_CSIC_DM28_1_genomic.fna
5693	94.22256692913388	94.523	94.75754385964909	92.24558923076967	euglenozoa	1966.5275590551182	1698.0	129	176	127	.98449612403100775193	29321243	19691340	.67157248415423588965	GCF_000209065.1_ASM20906v1_cds_from_genomic.fna	GCA_000300495.1_ASM30049v1_genomic.fna
5693	98.98614285714288	99.101	99.23961445783138	97.74097674760117	euglenozoa	1857.936507936508	1592.5	129	176	126	.97674418604651162790	29321243	15486251	.52815806615019697493	GCF_000209065.1_ASM20906v1_cds_from_genomic.fna	GCA_019319545.1_CSIC_SOL_1_genomic.fna
5693	99.30499999999992	99.551	99.47417613636368	94.90876385710085	euglenozoa	2201.2403100775196	1827.0	129	176	129	1.00000000000000000000	29321243	49708642	1.69531155278785418476	GCF_000209065.1_ASM20906v1_cds_from_genomic.fna	GCA_015455285.1_SC43_diploid_1.0_genomic.fna
5693	98.40087499999994	98.413	98.37156069364161	94.8312012608753	euglenozoa	2140.421875	1786.5	129	176	128	.99224806201550387596	29321243	32280879	1.10093828559723747045	GCF_000209065.1_ASM20906v1_cds_from_genomic.fna	GCA_002219105.2_TcruziDm28cPB1_genomic.fna
5741	98.75716981132072	98.786	98.75716981132072	97.92402088126012	eukaryota	1544.433962264151	1053.0	107	107	101	.94392523364485981308	9475723	9022836	.95220554674297676282	GCF_000002435.2_UU_WB_2.1_cds_from_genomic.fna	GCA_000498715.1_ASM49871v1_genomic.fna
5741	98.80794392523362	98.815	98.80794392523362	97.44764398665342	eukaryota	1513.0280373831777	999.0	107	107	102	.95327102803738317757	9475723	9104288	.96080140797699552846	GCF_000002435.2_UU_WB_2.1_cds_from_genomic.fna	GCA_900069105.1_Giardia_intestinalis_isolate_AS98_genomic.fna
5741	81.85385714285714	81.066	81.85385714285714	83.8079711538461	eukaryota	960.4285714285714	957.0	107	107	7	.06542056074766355140	9475723	302765	.03195165160484323993	GCF_000002435.2_UU_WB_2.1_cds_from_genomic.fna	GCA_902221485.1_cyste4_genomic.fna
5741	81.84114285714284	81.175	81.84114285714284	83.81497697368418	eukaryota	960.4285714285714	957.0	107	107	7	.06542056074766355140	9475723	296071	.03124521474509121889	GCF_000002435.2_UU_WB_2.1_cds_from_genomic.fna	GCA_902221535.1_pool5_genomic.fna
5741	99.9964953271028	100.0	99.9964953271028	99.39494542002869	eukaryota	1563.0654205607477	1053.0	107	107	102	.95327102803738317757	9475723	9897897	1.04455322301000145318	GCF_000002435.2_UU_WB_2.1_cds_from_genomic.fna	GCA_011634545.1_ASM1163454v1_genomic.fna
5741	99.99890654205608	100.0	99.99890654205608	99.86549739000733	eukaryota	1563.2056074766356	1053.0	107	107	102	.95327102803738317757	9475723	8983678	.94807309162583161200	GCF_000002435.2_UU_WB_2.1_cds_from_genomic.fna	GCA_009192825.1_ASM919282v1_genomic.fna
5741	83.0096111111111	82.19999999999999	83.0096111111111	83.74709860935542	eukaryota	1013.0	839.0	107	107	18	.16822429906542056074	9475723	725273	.07654012258484128335	GCF_000002435.2_UU_WB_2.1_cds_from_genomic.fna	GCA_902221545.1_pool8_genomic.fna
5741	83.30445454545453	83.204	83.30445454545453	84.90027774615798	eukaryota	1135.2727272727273	928.0	107	107	19	.17757009345794392523	9475723	1346906	.14214282118630947738	GCF_000002435.2_UU_WB_2.1_cds_from_genomic.fna	GCA_011634595.1_ASM1163459v1_genomic.fna
5741	98.81731775700932	98.868	98.81731775700932	98.11042392694048	eukaryota	1527.2897196261683	1053.0	107	107	102	.95327102803738317757	9475723	8907722	.94005723890409206769	GCF_000002435.2_UU_WB_2.1_cds_from_genomic.fna	GCA_001493575.1_GIAS175_genomic.fna
5741	81.83542857142857	81.066	81.83542857142857	83.77889677419356	eukaryota	960.4285714285714	957.0	107	107	7	.06542056074766355140	9475723	300452	.03170755413597463750	GCF_000002435.2_UU_WB_2.1_cds_from_genomic.fna	GCA_902221465.1_cyste2_genomic.fna
5759					eukaryota			0	0	0		0	0		GCF_000208925.1_JCVI-ESG2-1.0_cds_from_genomic.fna	GCA_020283505.1_ASM2028350v1_genomic.fna
5759					eukaryota			0	0	0		0	0		GCF_000208925.1_JCVI-ESG2-1.0_cds_from_genomic.fna	GCA_000338855.1_EHA_ku27_v1_genomic.fna
5759					eukaryota			0	0	0		0	0		GCF_000208925.1_JCVI-ESG2-1.0_cds_from_genomic.fna	GCA_000346345.1_EHA.strHM3_v1_genomic.fna
5759					eukaryota			0	0	0		0	0		GCF_000208925.1_JCVI-ESG2-1.0_cds_from_genomic.fna	GCA_917563895.1_Assembly_1_genomic.fna
5759					eukaryota			0	0	0		0	0		GCF_000208925.1_JCVI-ESG2-1.0_cds_from_genomic.fna	GCA_000365475.1_EHA_CA_v1_genomic.fna
5759					eukaryota			0	0	0		0	0		GCF_000208925.1_JCVI-ESG2-1.0_cds_from_genomic.fna	GCA_019059535.1_ASM1905953v1_genomic.fna
5759					eukaryota			0	0	0		0	0		GCF_000208925.1_JCVI-ESG2-1.0_cds_from_genomic.fna	GCA_020283535.1_ASM2028353v1_genomic.fna
5759					eukaryota			0	0	0		0	0		GCF_000208925.1_JCVI-ESG2-1.0_cds_from_genomic.fna	GCA_015099795.1_ASM1509979v1_genomic.fna
5759					eukaryota			0	0	0		0	0		GCF_000208925.1_JCVI-ESG2-1.0_cds_from_genomic.fna	GCA_000344925.1_EHA_CB_v1_genomic.fna
5759					eukaryota			0	0	0		0	0		GCF_000208925.1_JCVI-ESG2-1.0_cds_from_genomic.fna	GCA_001662325.1_Ehistolytica_2016_genomic.fna
5807	99.86316632860033	99.907	99.84821818181817	99.17186232311374	coccidia	1337.0466531440163	1083.0	495	168	493	.99595959595959595959	6825652	6314091	.92505316708206043906	GCF_000165345.1_ASM16534v1_cds_from_genomic.fna	GCA_004337825.1_UKP12.v0_genomic.fna
5807	99.99098787878789	100.0	99.99128571428571	99.11308175814156	coccidia	1570.351515151515	1239.0	495	168	495	1.00000000000000000000	6825652	6944600	1.01742661360409232700	GCF_000165345.1_ASM16534v1_cds_from_genomic.fna	GCA_019844115.2_ASM1984411v2_genomic.fna
5807	99.98639350912781	100.0	99.98328143712574	99.27166695919257	coccidia	1570.105476673428	1239.0	495	168	493	.99595959595959595959	6825652	6855760	1.00441100718290355265	GCF_000165345.1_ASM16534v1_cds_from_genomic.fna	GCA_001306245.1_ASM130624v1_genomic.fna
5807	99.98891313131315	100.0	99.9874880952381	99.43965590248062	coccidia	1544.1252525252526	1236.0	495	168	495	1.00000000000000000000	6825652	6881720	1.00821430685303030391	GCF_000165345.1_ASM16534v1_cds_from_genomic.fna	GCA_001305435.1_ASM130543v1_genomic.fna
5807	99.99044040404041	100.0	99.99128571428571	99.12069225512518	coccidia	1569.430303030303	1239.0	495	168	495	1.00000000000000000000	6825652	6933784	1.01584200307897326145	GCF_000165345.1_ASM16534v1_cds_from_genomic.fna	GCA_015245375.1_ASM1524537v1_genomic.fna
5807	99.96248987854244	100.0	99.9551726190476	99.40053090909083	coccidia	1431.7834008097166	1176.0	495	168	494	.99797979797979797979	6825652	6341910	.92912882168619202971	GCF_000165345.1_ASM16534v1_cds_from_genomic.fna	GCA_002093595.1_ASM209359v1_genomic.fna
5807	99.98388211382114	100.0	99.98819760479043	99.25154607353602	coccidia	1543.2662601626016	1237.5	495	168	492	.99393939393939393939	6825652	6818886	.99900873938489685673	GCF_000165345.1_ASM16534v1_cds_from_genomic.fna	GCA_001305475.1_ASM130547v1_genomic.fna
5807	99.96025656565655	100.0	99.95607142857145	99.34235902004444	coccidia	1492.8363636363636	1221.0	495	168	495	1.00000000000000000000	6825652	6671112	.97735893948299737519	GCF_000165345.1_ASM16534v1_cds_from_genomic.fna	GCA_002093605.1_ASM209360v1_genomic.fna
5807	99.86097979797975	99.91	99.83597023809523	98.91148434114639	coccidia	1517.7232323232324	1221.0	495	168	495	1.00000000000000000000	6825652	6930504	1.01536146290493567500	GCF_000165345.1_ASM16534v1_cds_from_genomic.fna	GCA_004337875.1_UKP15.v0_genomic.fna
5807	99.98784552845528	100.0	99.97893373493976	99.0975920778318	coccidia	1563.1260162601627	1231.5	495	168	492	.99393939393939393939	6825652	6775396	.99263718689438019986	GCF_000165345.1_ASM16534v1_cds_from_genomic.fna	GCA_003057855.1_ASM305785v1_genomic.fna
5811	99.89210220440886	100.0	99.80050000000001	99.37151409521525	coccidia	375.2745490981964	308.0	502	189	499	.99402390438247011952	20028526	18218618	.90963348975356449096	GCF_000006565.2_TGA4_cds_from_genomic.fna	GCA_014898695.1_ASM1489869v1_genomic.fna
5811	99.50190039840639	99.63550000000001	99.34554787234035	99.07074953369292	coccidia	582.3804780876494	387.0	502	189	502	1.00000000000000000000	20028526	19277016	.96247801760349213916	GCF_000006565.2_TGA4_cds_from_genomic.fna	GCA_000256705.2_TGCAST_v2_genomic.fna
5811	99.52043227091632	99.6555	99.34376063829785	99.32674680925687	coccidia	577.9621513944223	384.0	502	189	502	1.00000000000000000000	20028526	15801943	.78897183946537054199	GCF_000006565.2_TGA4_cds_from_genomic.fna	GCA_000259835.1_TGCATBR5_genomic.fna
5811	99.51922509960158	99.635	99.36852127659569	99.25786155950918	coccidia	585.2270916334661	384.0	502	189	502	1.00000000000000000000	20028526	18997829	.94853854946689536713	GCF_000006565.2_TGA4_cds_from_genomic.fna	GCA_000224845.2_TGVAND_v2_genomic.fna
5811	99.88003592814371	100.0	99.79061621621625	99.35746107670289	coccidia	402.42914171656685	329.0	502	189	501	.99800796812749003984	20028526	19397886	.96851291003641506119	GCF_000006565.2_TGA4_cds_from_genomic.fna	GCA_016807885.1_ASM1680788v1_genomic.fna
5811	99.69270717131475	100.0	99.56561170212767	98.94182573093991	coccidia	589.2669322709163	387.0	502	189	502	1.00000000000000000000	20028526	21409576	1.06895415069486391559	GCF_000006565.2_TGA4_cds_from_genomic.fna	GCA_016808245.1_ASM1680824v1_genomic.fna
5811	99.5950258964144	99.73349999999999	99.40098404255309	99.18636383419205	coccidia	584.3545816733068	387.0	502	189	502	1.00000000000000000000	20028526	19309146	.96408222951604127033	GCF_000006565.2_TGA4_cds_from_genomic.fna	GCA_000325525.2_TGGABGALDOM2_v2.1_genomic.fna
5811	99.54528542914169	99.663	99.40655319148927	98.99774449180019	coccidia	585.7844311377246	382.0	502	189	501	.99800796812749003984	20028526	19318933	.96457088255021862317	GCF_000006565.2_TGA4_cds_from_genomic.fna	GCA_009761385.1_ASM976138v1_genomic.fna
5811	99.81913147410363	100.0	99.79686170212763	99.4135463123178	coccidia	596.4402390438247	399.5	502	189	502	1.00000000000000000000	20028526	19305652	.96390777833575970593	GCF_000006565.2_TGA4_cds_from_genomic.fna	GCA_000250965.2_TGARI_v2_genomic.fna
5811	99.70154761904764	100.0	99.65462068965512	99.21083525105418	coccidia	267.02597402597405	227.0	502	189	462	.92031872509960159362	20028526	11930283	.59566455364713309406	GCF_000006565.2_TGA4_cds_from_genomic.fna	GCA_016807865.1_ASM1680786v1_genomic.fna
5833	99.84059756435094	100.0	99.82875147928992	95.48511601057872	plasmodium	1351.9313589814558	1083.0	3638	171	3611	.99257833974711379879	12323163	14169690	1.14984196833231857762	GCF_000002765.5_GCA_000002765_cds_from_genomic.fna	GCA_900631995.1_PfGN01-3_genomic.fna
5833	99.85135307138889	100.0	99.87060355029587	96.99358660035084	plasmodium	1337.322634200332	1072.0	3638	171	3612	.99285321605277625068	12323163	12708906	1.03130227198974808659	GCF_000002765.5_GCA_000002765_cds_from_genomic.fna	GCA_001861045.1_58_1_genomic.fna
5833	99.84345102949348	100.0	99.85201183431951	97.91875577148816	plasmodium	1340.7376182526432	1082.5	3638	171	3592	.98735568993952721275	12323163	12055728	.97829818529544728086	GCF_000002765.5_GCA_000002765_cds_from_genomic.fna	GCA_001861075.1_303_1_genomic.fna
5833	99.85852334083248	100.0	99.88233532934133	98.40697507922799	plasmodium	1343.0860517435322	1093.5	3638	171	3554	.97691039032435404068	12323163	11508290	.93387468785408421522	GCF_000002765.5_GCA_000002765_cds_from_genomic.fna	GCA_000521095.1_Plas_falc_Uganda_Palo-Alto_FUP_H_V1_genomic.fna
5833	99.85974263431525	100.0	99.86446296296297	98.77069056024537	plasmodium	1310.6343154246101	1086.0	3638	171	3456	.94997251236943375481	12323163	10992951	.89205595998365030146	GCF_000002765.5_GCA_000002765_cds_from_genomic.fna	GCA_000521155.1_Plas_falc_FCH_4_V2_genomic.fna
5833	99.72948855835227	99.932	99.77994186046513	95.93332719024647	plasmodium	1251.2843249427917	937.0	3638	171	1746	.47993402968664101154	12323163	7295599	.59202324922586839109	GCF_000002765.5_GCA_000002765_cds_from_genomic.fna	GCA_000186025.2_ASM18602v2_genomic.fna
5833	99.83888640803795	100.0	99.82323952095805	97.95953100033715	plasmodium	854.972927714206	704.0	3638	171	3581	.98433205057724024189	12323163	12120516	.98355560175581545095	GCF_000002765.5_GCA_000002765_cds_from_genomic.fna	GCA_001861275.1_366_1_genomic.fna
5833	99.84618685314673	100.0	99.84184939759038	98.03159299630366	plasmodium	1353.8075524475526	1092.0	3638	171	3573	.98213304013194062671	12323163	12423148	1.00811358252747285741	GCF_000002765.5_GCA_000002765_cds_from_genomic.fna	GCA_019802515.1_ASM1980251v1_genomic.fna
5833	99.64048633879773	99.905	99.63550364963507	98.17808255483352	plasmodium	884.5785063752277	771.0	3638	171	2743	.75398570643210555250	12323163	5683578	.46121097318926967045	GCF_000002765.5_GCA_000002765_cds_from_genomic.fna	GCA_000150355.1_ASM15035v1_genomic.fna
5833	99.84322086908382	100.0	99.83636686390538	95.9056012289607	plasmodium	1350.0860780514809	1088.0	3638	171	3611	.99257833974711379879	12323163	13886652	1.12687400142317357970	GCF_000002765.5_GCA_000002765_cds_from_genomic.fna	GCA_009761515.1_NF166_v1_genomic.fna
5855	99.89179116239798	100.0	99.88546428571428	98.91210429707314	plasmodium	1502.9738249366733	1104.0	3568	169	3530	.98934977578475336322	11263307	10998861	.97652146034907864981	GCF_000002415.2_ASM241v2_cds_from_genomic.fna	GCA_000320645.2_PV_Brazil_I_V1_genomic.fna
5855	99.86113063063061	99.942	99.85225000000004	98.64461401386858	plasmodium	1479.5416666666667	1109.0	3568	169	3530	.98934977578475336322	11263307	11178609	.99248018366186769125	GCF_000002415.2_ASM241v2_cds_from_genomic.fna	GCA_014843675.1_ASM1484367v1_genomic.fna
5855	99.86646830092984	99.945	99.85941666666665	98.48254768649608	plasmodium	1481.9115243730628	1107.0	3568	169	3529	.98906950672645739910	11263307	11291397	1.00249393894706057466	GCF_000002415.2_ASM241v2_cds_from_genomic.fna	GCA_900093535.1_PvC01_genomic.fna
5855	98.15008952654216	98.246	98.2844819277109	97.2093081491463	plasmodium	1025.503299856528	873.0	3568	169	3464	.97085201793721973094	11263307	10042802	.89163884106151062028	GCF_000002415.2_ASM241v2_cds_from_genomic.fna	GCA_003402195.1_PvSY43_v1_genomic.fna
5855	99.85621311936954	99.943	99.8501547619047	98.47428668863485	plasmodium	1456.3845720720722	1097.0	3568	169	3531	.98963004484304932735	11263307	11328239	1.00576491433643777977	GCF_000002415.2_ASM241v2_cds_from_genomic.fna	GCA_900178095.1_PvHMP-013_genomic.fna
5855	99.86199183328635	99.943	99.87781437125751	98.3779425251497	plasmodium	1477.2892143058293	1108.0	3568	169	3530	.98934977578475336322	11263307	11329482	1.00587527268856295935	GCF_000002415.2_ASM241v2_cds_from_genomic.fna	GCA_914969965.1_5987STDY8548200_genomic.fna
5855	99.8501898591548	99.935	99.83782738095239	98.53743601895725	plasmodium	1473.623943661972	1104.0	3568	169	3529	.98906950672645739910	11263307	11215581	.99576270095452427959	GCF_000002415.2_ASM241v2_cds_from_genomic.fna	GCA_900093545.1_PvT01_genomic.fna
5855	99.83162102895685	99.933	99.83726785714286	98.62360472116549	plasmodium	1466.834411020523	1102.0	3568	169	3533	.99019058295964125560	11263307	11173020	.99198397060472559258	GCF_000002415.2_ASM241v2_cds_from_genomic.fna	GCA_900093555.2_GCA_900093555_genomic.fna
5855	99.85361361079859	99.944	99.8674523809524	98.5547553968251	plasmodium	1476.9069178852644	1104.0	3568	169	3532	.98991031390134529147	11263307	11233599	.99736240874904679416	GCF_000002415.2_ASM241v2_cds_from_genomic.fna	GCA_014843945.1_ASM1484394v1_genomic.fna
5855	99.87616784203082	99.948	99.87026190476189	98.82769537883726	plasmodium	1471.2448519040902	1092.0	3568	169	3524	.98766816143497757847	11263307	11016989	.97813093436945295018	GCF_000002415.2_ASM241v2_cds_from_genomic.fna	GCA_000320625.2_PV_India_VII_V2_genomic.fna
5861	99.69108130530957	99.804	99.67154761904757	97.11512168155754	plasmodium	1435.416482300885	1047.0	3633	170	3615	.99504541701073492981	11391522	11579472	1.01649911223451967173	GCF_900002385.2_GCA_900002385_cds_from_genomic.fna	GCA_900617885.1_Pyy3AE-2_genomic.fna
5861	99.20080105292317	99.405	99.34565476190471	96.50292402912613	plasmodium	1361.0595732889997	998.0	3633	170	3608	.99311863473713184695	11391522	11495946	1.00916681721722523118	GCF_900002385.2_GCA_900002385_cds_from_genomic.fna	GCA_900617875.1_Pyy33X-2_genomic.fna
5759	99.93531125827816	100.0	99.93531125827816	99.5407163526514	eukaryota	1152.364238410596	990.0	151	151	149	.98675496688741721854	10291184	9718666	.94436811157977546606	GCF_000208925.1_JCVI_ESG2_1.0_cds_from_genomic.fna	GCA_020283505.1_ASM2028350v1_genomic.fna
5759	99.94782119205298	100.0	99.94782119205298	99.47148416532487	eukaryota	1288.6026490066224	1038.0	151	151	149	.98675496688741721854	10291184	9666643	.93931300810480115796	GCF_000208925.1_JCVI_ESG2_1.0_cds_from_genomic.fna	GCA_000338855.1_EHA_ku27_v1_genomic.fna
5759	99.94821476510067	100.0	99.94821476510067	99.44775992317543	eukaryota	1279.724832214765	1041.0	151	151	147	.97350993377483443708	10291184	9246681	.89850506997056898409	GCF_000208925.1_JCVI_ESG2_1.0_cds_from_genomic.fna	GCA_000346345.1_EHA.strHM3_v1_genomic.fna
5861	92.86363546056592	93.226	93.8486322580645	91.81987847007991	plasmodium	913.5984346779048	746.5	3633	170	3321	.91412056151940545004	11391522	7171569	.62955318876617189520	GCF_900002385.2_GCA_900002385_cds_from_genomic.fna	GCA_900617825.1_Pvk194ZZ-2_genomic.fna
5759	99.95325165562916	100.0	99.95325165562916	99.53761893019728	eukaryota	1298.1059602649007	1041.0	151	151	149	.98675496688741721854	10291184	9479715	.92114911170570849768	GCF_000208925.1_JCVI_ESG2_1.0_cds_from_genomic.fna	GCA_917563895.1_Assembly_1_genomic.fna
5759	99.97157575757575	100.0	99.97157575757575	99.59273726262164	eukaryota	1359.6060606060605	1106.5	151	151	130	.86092715231788079470	10291184	8526863	.82855995967033530835	GCF_000208925.1_JCVI_ESG2_1.0_cds_from_genomic.fna	GCA_000365475.1_EHA_CA_v1_genomic.fna
5759	99.92108108108108	100.0	99.92108108108108	99.53192580957001	eukaryota	772.2837837837837	637.0	151	151	146	.96688741721854304635	10291184	7793393	.75728827703401280163	GCF_000208925.1_JCVI_ESG2_1.0_cds_from_genomic.fna	GCA_019059535.1_ASM1905953v1_genomic.fna
5759	99.82823943661971	100.0	99.82823943661971	99.44895952118414	eukaryota	462.0774647887324	354.0	151	151	140	.92715231788079470198	10291184	5660303	.55001475048935088518	GCF_000208925.1_JCVI_ESG2_1.0_cds_from_genomic.fna	GCA_020283535.1_ASM2028353v1_genomic.fna
5759	99.98460264900662	100.0	99.98460264900662	99.03457434751358	eukaryota	1301.0529801324503	1074.0	151	151	149	.98675496688741721854	10291184	11340820	1.10199370645787695565	GCF_000208925.1_JCVI_ESG2_1.0_cds_from_genomic.fna	GCA_015099795.1_ASM1509979v1_genomic.fna
5861	99.94717108568244	100.0	99.9185628742515	97.67080363937096	plasmodium	1523.4641361987162	1087.0	3633	170	3582	.98596201486374896779	11391522	10270768	.90161507830121383253	GCF_900002385.2_GCA_900002385_cds_from_genomic.fna	GCA_000003085.2_ASM308v2_genomic.fna
5759	99.97063157894736	100.0	99.97063157894736	99.64294805970157	eukaryota	1362.4812030075188	1098.0	151	151	131	.86754966887417218543	10291184	8313178	.80779607088941369622	GCF_000208925.1_JCVI_ESG2_1.0_cds_from_genomic.fna	GCA_000344925.1_EHA_CB_v1_genomic.fna
5759	99.98091390728476	100.0	99.98091390728476	95.82441172114605	eukaryota	1311.132450331126	1074.0	151	151	149	.98675496688741721854	10291184	15886467	1.54369672138793748124	GCF_000208925.1_JCVI_ESG2_1.0_cds_from_genomic.fna	GCA_001662325.1_Ehistolytica_2016_genomic.fna
5861	99.97507551867223	100.0	99.98156287425151	97.64685363119548	plasmodium	1733.2118948824343	1155.0	3633	170	3614	.99477016240022020368	11391522	11428932	1.00328402122209832891	GCF_900002385.2_GCA_900002385_cds_from_genomic.fna	GCA_900002395.1_PYYM01_genomic.fna
5861	99.68507358229597	99.799	99.67299999999997	97.0297681713853	plasmodium	1430.0171507607192	1046.0	3633	170	3614	.99477016240022020368	11391522	11555185	1.01436708808533223216	GCF_900002385.2_GCA_900002385_cds_from_genomic.fna	GCA_900617855.1_Pyy1AR-2_genomic.fna
5861	99.683761627907	99.796	99.68947305389229	97.31899973047659	plasmodium	1427.5415282392028	1030.5	3633	170	3610	.99366914395816129920	11391522	11174588	.98095653943344884028	GCF_900002385.2_GCA_900002385_cds_from_genomic.fna	GCA_000505035.1_Plas_yoel_17X_V2_genomic.fna
5861	99.97574861725664	100.0	99.97944642857142	97.52625726687859	plasmodium	1727.8147123893805	1155.0	3633	170	3615	.99504541701073492981	11391522	11582865	1.01679696532210533412	GCF_900002385.2_GCA_900002385_cds_from_genomic.fna	GCA_900617845.1_Pyy1.1-2_genomic.fna
5861	99.67978810511735	99.799	99.67566071428568	97.18551689628318	plasmodium	1439.0437067773166	1044.0	3633	170	3614	.99477016240022020368	11391522	11549949	1.01390744801265362082	GCF_900002385.2_GCA_900002385_cds_from_genomic.fna	GCA_900617865.1_Pyy2CL-2_genomic.fna
5861	99.03267654389356	99.194	99.05674850299403	96.31998250932855	plasmodium	1279.5693713652727	969.0	3633	170	3610	.99366914395816129920	11391522	11375410	.99858561481073380712	GCF_900002385.2_GCA_900002385_cds_from_genomic.fna	GCA_900617835.1_Pyk193L-2_genomic.fna
88456	99.92861680327869	100.0	99.90103703703706	99.7831379095814	coccidia	478.01229508196724	344.0	489	164	488	.99795501022494887525	11112801	10389828	.93494232462184826309	GCF_002999335.1_CcayRef3_cds_from_genomic.fna	GCA_003945065.1_ASM394506v1_genomic.fna
88456	99.93530942622947	100.0	99.95356172839507	99.7536606859979	coccidia	478.42622950819674	341.5	489	164	488	.99795501022494887525	11112801	10447748	.94015433192765712262	GCF_002999335.1_CcayRef3_cds_from_genomic.fna	GCA_002893445.1_ASM289344v1_genomic.fna
88456	99.92283370288246	100.0	99.88377922077923	99.77610961431236	coccidia	460.83370288248335	327.0	489	164	451	.92229038854805725971	11112801	8343394	.75079127215541788249	GCF_002999335.1_CcayRef3_cds_from_genomic.fna	GCA_002893335.1_ASM289333v1_genomic.fna
88456	99.92196714579053	100.0	99.87910429447852	99.79396705600513	coccidia	475.517453798768	343.0	489	164	487	.99591002044989775051	11112801	9699203	.87279552652837030016	GCF_002999335.1_CcayRef3_cds_from_genomic.fna	GCA_003945085.1_ASM394508v1_genomic.fna
88456	99.93673565573769	100.0	99.90079629629632	99.76971626864102	coccidia	477.11475409836066	344.0	489	164	488	.99795501022494887525	11112801	10145993	.91300051175216761282	GCF_002999335.1_CcayRef3_cds_from_genomic.fna	GCA_003944955.1_ASM394495v1_genomic.fna
88456	99.91185185185184	100.0	99.814490797546	99.75986422406237	coccidia	478.1440329218107	341.5	489	164	486	.99386503067484662576	11112801	10241786	.92162057072739807002	GCF_002999335.1_CcayRef3_cds_from_genomic.fna	GCA_003057635.1_ASM305763v1_genomic.fna
88456	99.92373695198329	100.0	99.9060503144654	99.81485723155613	coccidia	479.74321503131523	343.0	489	164	479	.97955010224948875255	11112801	9865903	.88779624506908744249	GCF_002999335.1_CcayRef3_cds_from_genomic.fna	GCA_002893465.1_ASM289346v1_genomic.fna
88456	99.98206967213115	100.0	99.9779263803681	99.81315422714476	coccidia	479.1905737704918	344.0	489	164	488	.99795501022494887525	11112801	10508891	.94565636512342837777	GCF_002999335.1_CcayRef3_cds_from_genomic.fna	GCA_002893425.1_ASM289342v1_genomic.fna
88456	99.93584989429172	100.0	99.90521153846154	99.80808874147813	coccidia	480.0951374207188	346.0	489	164	473	.96728016359918200408	11112801	9805124	.88232696689160545572	GCF_002999335.1_CcayRef3_cds_from_genomic.fna	GCA_002019905.1_ASM201990v1_genomic.fna
88456	99.91440506329113	100.0	99.8037302631579	99.79337392345451	coccidia	475.6835443037975	339.0	489	164	474	.96932515337423312883	11112801	9348300	.84121905899331770631	GCF_002999335.1_CcayRef3_cds_from_genomic.fna	GCA_002893365.1_ASM289336v1_genomic.fna
112090	98.86222680412375	98.977	98.97641004184106	98.36491213525996	stramenopiles	860.0103092783505	622.0	100	246	97	.97000000000000000000	36504547	20331380	.55695472676321664805	GCF_000520075.1_Apha_asta_APO3_V1_cds_from_genomic.fna	GCA_003546785.1_astaci_457_genomic.fna
112090	98.85812371134021	98.932	98.95146473029044	98.3484701257275	stramenopiles	872.8144329896908	666.0	100	246	97	.97000000000000000000	36504547	21547847	.59027843846411790838	GCF_000520075.1_Apha_asta_APO3_V1_cds_from_genomic.fna	GCA_003546605.1_astaci_YX_genomic.fna
112090	98.86303125000005	98.97200000000001	98.915686440678	98.34166662216833	stramenopiles	890.0729166666666	658.5	100	246	96	.96000000000000000000	36504547	21959326	.60155043151199766976	GCF_000520075.1_Apha_asta_APO3_V1_cds_from_genomic.fna	GCA_003546585.1_astaci_D2_genomic.fna
112090	98.8418645833333	98.9165	98.9182025316456	98.34587776153884	stramenopiles	875.6875	636.5	100	246	96	.96000000000000000000	36504547	21826967	.59792460922744774781	GCF_000520075.1_Apha_asta_APO3_V1_cds_from_genomic.fna	GCA_003546545.1_astaci_Si_genomic.fna
112090	99.93341237113405	100.0	99.95722784810125	99.69563682649937	stramenopiles	949.0618556701031	682.0	100	246	97	.97000000000000000000	36504547	24120065	.66074138654562676808	GCF_000520075.1_Apha_asta_APO3_V1_cds_from_genomic.fna	GCA_002197585.2_ASM219758v2_genomic.fna
112090	98.81991666666666	98.845	98.92662869198317	98.34174308779703	stramenopiles	886.3958333333334	658.5	100	246	96	.96000000000000000000	36504547	21721373	.59503198327594641840	GCF_000520075.1_Apha_asta_APO3_V1_cds_from_genomic.fna	GCA_003546625.1_astaci_SA_genomic.fna
112090	98.84288421052631	98.952	98.95314732142857	98.32218173574263	stramenopiles	541.1368421052632	438.0	100	246	95	.95000000000000000000	36504547	14773928	.40471473320844112926	GCF_000520075.1_Apha_asta_APO3_V1_cds_from_genomic.fna	GCA_900243735.1_Aphanomyces_astaci_v1_genomic.fna
112090	98.81007142857145	98.94800000000001	98.94868619246866	98.35248431241415	stramenopiles	882.2857142857143	660.5	100	246	98	.98000000000000000000	36504547	21860402	.59884052252449537313	GCF_000520075.1_Apha_asta_APO3_V1_cds_from_genomic.fna	GCA_003546565.1_astaci_KV_genomic.fna
112090	98.76228124999999	98.82050000000001	98.84969327731092	98.24293485469624	stramenopiles	880.5104166666666	635.0	100	246	96	.96000000000000000000	36504547	22666616	.62092582603476766880	GCF_000520075.1_Apha_asta_APO3_V1_cds_from_genomic.fna	GCA_003546765.1_astaci_SV_genomic.fna
112090	98.81966326530613	98.8695	98.98217721518988	98.37778528396	stramenopiles	881.6224489795918	636.5	100	246	98	.98000000000000000000	36504547	21303930	.58359661332052689217	GCF_000520075.1_Apha_asta_APO3_V1_cds_from_genomic.fna	GCA_003546805.1_astaci_197901_genomic.fna
237895	99.94369246861926	100.0	99.93641401273884	99.49261323392358	coccidia	1307.0313807531381	1065.0	479	158	474	.98956158663883089770	5284028	5250981	.99374586962824572466	GCF_000006425.1_ASM642v1_cds_from_genomic.fna	GCA_001483505.1_ASM148350v1_genomic.fna
237895	99.9489540709812	100.0	99.93460509554139	99.36233536299763	coccidia	1409.302713987474	1194.0	479	158	475	.99164926931106471816	5284028	5328834	1.00847951600559270314	GCF_000006425.1_ASM642v1_cds_from_genomic.fna	GCA_002223825.1_C.hominis.v1_genomic.fna
237895	99.96486638830898	100.0	99.9698407643312	99.29224149034053	coccidia	1402.517745302714	1192.0	479	158	475	.99164926931106471816	5284028	5327736	1.00827171998331575835	GCF_000006425.1_ASM642v1_cds_from_genomic.fna	GCA_001945495.1_SWEH1_2.0_genomic.fna
237895	99.9619770354906	100.0	99.9666687898089	99.48132152262392	coccidia	1421.1064718162838	1194.0	479	158	475	.99164926931106471816	5284028	5294601	1.00200093564984894099	GCF_000006425.1_ASM642v1_cds_from_genomic.fna	GCA_001483515.1_ASM148351v1_genomic.fna
237895	99.94241544885175	100.0	99.92140764331208	99.39429778812581	coccidia	1400.240083507307	1194.0	479	158	475	.99164926931106471816	5284028	5311495	1.00519811779952717888	GCF_000006425.1_ASM642v1_cds_from_genomic.fna	GCA_018342975.1_ASM1834297v1_genomic.fna
237895	99.9421628392484	100.0	99.92682802547769	99.29987854998852	coccidia	1398.8893528183717	1188.0	479	158	475	.99164926931106471816	5284028	5332014	1.00908132962202319896	GCF_000006425.1_ASM642v1_cds_from_genomic.fna	GCA_001593475.1_CryHomUKH1-1.0_genomic.fna
237895	99.95645511482249	100.0	99.9654713375796	99.32175123442269	coccidia	1418.4613778705636	1200.0	479	158	475	.99164926931106471816	5284028	5306763	1.00430258885834821465	GCF_000006425.1_ASM642v1_cds_from_genomic.fna	GCA_001305325.1_ASM130532v1_genomic.fna
237895	99.94049060542797	100.0	99.93454487179486	99.34465799256503	coccidia	1396.1544885177452	1182.0	479	158	475	.99164926931106471816	5284028	5327166	1.00816384773131406570	GCF_000006425.1_ASM642v1_cds_from_genomic.fna	GCA_001593465.1_CryHomTU502-1.0_genomic.fna
237895	99.94279540709807	100.0	99.92708917197452	99.29530751604032	coccidia	1394.2192066805846	1194.0	479	158	475	.99164926931106471816	5284028	5339441	1.01048688614064876264	GCF_000006425.1_ASM642v1_cds_from_genomic.fna	GCA_001307845.1_ASM130784v1_genomic.fna
237895	99.96473849372383	100.0	99.96678980891718	99.48348297067172	coccidia	1383.4435146443514	1152.0	479	158	474	.98956158663883089770	5284028	5134520	.97170567604865076415	GCF_000006425.1_ASM642v1_cds_from_genomic.fna	GCA_001483535.1_ASM148353v1_genomic.fna
