Homo_sapiens	99.60104823555551	100.0	98.76408230452672	96.98240406056412	primates	594.9293482281571	354.0	13756	246	13497	.98117185228264030241	240267216	58483761	.24341132333260148151	GCF_000001405.39_GRCh38.p13_cds_from_genomic.fna	GCA_015158525.1_ASM1515852v1_genomic.fna
Homo_sapiens	99.60576417888365	100.0	98.78329218106994	96.86418329101991	primates	600.2399674218866	355.0	13756	246	13487	.98044489677231753416	240267216	79345309	.33023776743640297559	GCF_000001405.39_GRCh38.p13_cds_from_genomic.fna	GCA_018472765.1_HG00735.pri.mat.f1_v2_genomic.fna
Homo_sapiens	99.60265421321327	100.0	98.77995884773661	97.16080341051087	primates	594.2706961603906	355.0	13756	246	13498	.98124454783367257923	240267216	54138238	.22532511468397752608	GCF_000001405.39_GRCh38.p13_cds_from_genomic.fna	GCA_015149875.1_ASM1514987v1_genomic.fna
Homo_sapiens	99.60448414048084	100.0	98.76679918032784	96.91986173264739	primates	594.335674676525	355.0	13756	246	13505	.98175341669089851701	240267216	56439037	.23490111526493069283	GCF_000001405.39_GRCh38.p13_cds_from_genomic.fna	GCA_015150155.1_ASM1515015v1_genomic.fna
Homo_sapiens	99.60214431691985	100.0	98.78212757201642	97.3472263638656	primates	594.6434653831914	354.0	13756	246	13486	.98037220122128525734	240267216	55432563	.23071213760598949130	GCF_000001405.39_GRCh38.p13_cds_from_genomic.fna	GCA_015149845.1_ASM1514984v1_genomic.fna
Homo_sapiens	99.60808351225302	100.0	98.7698975409836	96.41158709088089	primates	600.7893684756052	355.0	13756	246	13488	.98051759232334981099	240267216	81976097	.34118719301263306767	GCF_000001405.39_GRCh38.p13_cds_from_genomic.fna	GCA_018469665.1_HG01123.pri.mat.f1_v2.1_genomic.fna
Homo_sapiens	99.5999259588333	100.0	98.75165432098761	97.28724149272006	primates	595.0185102917222	355.0	13756	246	13486	.98037220122128525734	240267216	55012376	.22896330558889066246	GCF_000001405.39_GRCh38.p13_cds_from_genomic.fna	GCA_015120665.1_ASM1512066v1_genomic.fna
Homo_sapiens	99.60718747223487	100.0	98.79636213991766	96.66752822313055	primates	597.2259736413446	354.0	13756	246	13487	.98044489677231753416	240267216	77591332	.32293765787838487294	GCF_000001405.39_GRCh38.p13_cds_from_genomic.fna	GCA_018398555.1_HG002.HiFi_FALCON-Phase.1.contigs_genomic.fna
Homo_sapiens	99.60605988156946	100.0	98.76148360655736	96.50829860244875	primates	600.0547002220577	356.0	13756	246	13490	.98066298342541436464	240267216	84888984	.35331072384007645887	GCF_000001405.39_GRCh38.p13_cds_from_genomic.fna	GCA_018471105.1_HG00741.alt.pat.f1_v2_genomic.fna
Homo_sapiens	99.60160034089259	100.0	98.75193827160491	96.97111094923862	primates	595.8368163628279	355.0	13756	246	13474	.97949985460889793544	240267216	57579386	.23964728504616293552	GCF_000001405.39_GRCh38.p13_cds_from_genomic.fna	GCA_015078835.1_ASM1507883v1_genomic.fna
Canis_lupus_familiaris	99.69784034086891	100.0	99.25682716049384	98.64211959669453	carnivora	535.6465244031269	316.0	14472	247	14126	.97609176340519624101	141591439	50542955	.35696335426042248218	GCF_012295265.1_UNSW_AlpineDingo_1.0_cds_from_genomic.fna	GCA_004886185.2_Basenji_breed-1.1_genomic.fna
Canis_lupus_familiaris	99.70742273970703	100.0	99.25211522633748	99.66866135031704	carnivora	548.269341376166	320.0	14472	247	14186	.98023770038695411829	141591439	32110973	.22678611946305595495	GCF_012295265.1_UNSW_AlpineDingo_1.0_cds_from_genomic.fna	GCA_004027395.1_CanFam_VD_v1_BIUU_genomic.fna
Canis_lupus_dingo	99.78276745814958	100.0	99.25301632653058	98.69777184767122	carnivora	552.4245289626672	321.0	14472	247	14207	.98168877833056937534	141591439	52462309	.37051893370474185236	GCF_012295265.1_UNSW_AlpineDingo_1.0_cds_from_genomic.fna	GCA_012295265.1_UNSW_AlpineDingo_1.0_genomic.fna
Canis_lupus_familiaris	99.71203021592852	100.0	99.25068442622951	98.73533141940828	carnivora	536.4713264161526	316.0	14472	247	14188	.98037589828634604754	141591439	49388846	.34881237417185935937	GCF_012295265.1_UNSW_AlpineDingo_1.0_cds_from_genomic.fna	GCA_005444595.1_UMICH_Zoey_3.1_genomic.fna
Canis_lupus_familiaris	99.63876482213468	100.0	99.06060245901638	99.52964063158664	carnivora	472.4667560700169	276.0	14472	247	14099	.97422609176340519624	141591439	20660596	.14591698584262569716	GCF_012295265.1_UNSW_AlpineDingo_1.0_cds_from_genomic.fna	GCA_000331495.1_Beagle_genomic.fna
Canis_lupus_familiaris	99.69612151561829	100.0	99.17838114754097	98.69771798287009	carnivora	543.4670121865807	317.0	14472	247	14197	.98099778883360972913	141591439	50108106	.35389220106732582892	GCF_012295265.1_UNSW_AlpineDingo_1.0_cds_from_genomic.fna	GCA_013276365.2_UNSW_CanFamBas_1.2_genomic.fna
Canis_lupus_dingo	99.75093108041804	100.0	99.2303606557377	98.63180827612611	carnivora	550.491972235855	320.0	14472	247	14193	.98072139303482587064	141591439	52498778	.37077649871190305509	GCF_012295265.1_UNSW_AlpineDingo_1.0_cds_from_genomic.fna	GCA_003254725.2_ASM325472v2_genomic.fna
Canis_lupus	99.68576679980359	100.0	99.2198524590164	98.52203985599566	carnivora	547.9468152196763	318.0	14472	247	14202	.98134328358208955223	141591439	53758289	.37967188821352398290	GCF_012295265.1_UNSW_AlpineDingo_1.0_cds_from_genomic.fna	GCA_905319855.2_mCanLor1.2_genomic.fna
Canis_lupus	99.540466301193	100.0	99.27226190476192	99.16009005830666	carnivora	512.5743308610125	298.0	14472	247	9260	.63985627418463239358	141591439	25281692	.17855381779120134516	GCF_012295265.1_UNSW_AlpineDingo_1.0_cds_from_genomic.fna	GCA_905319845.1_mCanLor1.1_alternate_haplotype_genomic.fna
Canis_lupus_familiaris	99.70120658724623	100.0	99.21843801652894	98.61348509791924	carnivora	546.9350385423967	319.0	14472	247	14189	.98044499723604201216	141591439	52111597	.36804200429095151720	GCF_012295265.1_UNSW_AlpineDingo_1.0_cds_from_genomic.fna	GCA_014441545.1_ROS_Cfam_1.0_genomic.fna
Mustela_putorius	99.80489718122672	100.0	99.54878688524592	99.59981418437432	carnivora	550.3418199622298	314.0	14490	248	14232	.98219461697722567287	122038810	34035271	.27888891246972991624	GCF_011764305.1_ASM1176430v1.1_cds_from_genomic.fna	GCA_902460225.1_polecat_w2rap_bionano__genomic.fna
Mustela_putorius_furo	99.58034727128536	100.0	99.41789999999999	98.75715347926426	carnivora	265.4014851128253	216.0	14490	248	13779	.95093167701863354037	122038810	26116890	.21400479077106700729	GCF_011764305.1_ASM1176430v1.1_cds_from_genomic.fna	GCA_009859245.1_ASM985924v1_genomic.fna
Mustela_putorius_furo	99.57894109589036	100.0	99.39176793248947	98.87293548985359	carnivora	263.3004325883201	213.0	14490	248	13763	.94982746721877156659	122038810	24893691	.20398175793421781153	GCF_011764305.1_ASM1176430v1.1_cds_from_genomic.fna	GCA_009859175.1_ASM985917v1_genomic.fna
Mustela_putorius_furo	99.59747424319055	100.0	99.37448523206751	98.85981133058722	carnivora	266.156636081208	216.0	14490	248	13768	.95017253278122843340	122038810	25616166	.20990180091071028962	GCF_011764305.1_ASM1176430v1.1_cds_from_genomic.fna	GCA_009859125.1_ASM985912v1_genomic.fna
Mustela_putorius	99.80232585687243	100.0	99.52593852459017	99.39060299990331	carnivora	399.44213920235507	288.0	14490	248	14210	.98067632850241545893	122038810	33653500	.27576063712846757519	GCF_011764305.1_ASM1176430v1.1_cds_from_genomic.fna	GCA_902207235.1_polecat_10x_lmp_bionano_genomic.fna
Mustela_putorius_furo	99.82589326512011	100.0	99.5552950819672	99.40796448691044	carnivora	537.1394631719112	302.0	14490	248	14213	.98088336783988957902	122038810	36382282	.29812058967143321046	GCF_011764305.1_ASM1176430v1.1_cds_from_genomic.fna	GCA_918429305.1_Bionano_Domestic_ferret_genomic.fna
Mustela_putorius	99.80403730874019	100.0	99.5463224489796	99.60915669539584	carnivora	550.5570460420597	314.0	14490	248	14248	.98329882677708764665	122038810	33728812	.27637775229043941021	GCF_011764305.1_ASM1176430v1.1_cds_from_genomic.fna	GCA_902460195.1_polecat_w2rap_k224__genomic.fna
Mustela_putorius_furo	99.82589326512011	100.0	99.5552950819672	99.40796448691044	carnivora	537.1394631719112	302.0	14490	248	14213	.98088336783988957902	122038810	36382282	.29812058967143321046	GCF_011764305.1_ASM1176430v1.1_cds_from_genomic.fna	GCA_920103865.1_Bionano_scaffolding_of_Domestic_ferret_genome_genomic.fna
Mustela_putorius_furo	99.54372898414348	100.0	99.32419148936172	98.7970105547458	carnivora	256.775396423141	209.0	14490	248	13703	.94568668046928916494	122038810	24005679	.19670528580211491737	GCF_011764305.1_ASM1176430v1.1_cds_from_genomic.fna	GCA_010015535.1_M1713_genomic.fna
Mustela_putorius	99.80022190382994	100.0	99.5463224489796	99.3923447865827	carnivora	550.2204361196533	314.0	14490	248	14243	.98295376121463077984	122038810	37400499	.30646397650059026304	GCF_011764305.1_ASM1176430v1.1_cds_from_genomic.fna	GCA_902460255.1_polecat_w2rap_lmp_bionano__genomic.fna
Sus_scrofa	99.62428371986555	100.0	99.35520164609055	99.13019857973168	cetartiodactyla	474.287686908758	279.0	13285	248	13055	.98268724124952954459	132539423	20626117	.15562250486030861927	GCF_000003025.6_Sscrofa11.1_cds_from_genomic.fna	GCA_000331475.1_SscrofaMinipig_genomic.fna
Sus_scrofa	99.73644519868785	100.0	99.5114163265306	98.76619429166593	cetartiodactyla	501.85904965296317	302.0	13285	248	13054	.98261196838539706435	132539423	42283405	.31902511753050260374	GCF_000003025.6_Sscrofa11.1_cds_from_genomic.fna	GCA_015776825.1_Ninghe_Sus_1_genomic.fna
Sus_scrofa	99.7049307616224	100.0	99.50395081967213	99.41084213946597	cetartiodactyla	530.756296127216	309.0	13285	248	13090	.98532179149416635302	132539423	35622707	.26877065097831307142	GCF_000003025.6_Sscrofa11.1_cds_from_genomic.fna	GCA_001700215.1_Landrace_pig_v1_genomic.fna
Sus_scrofa	99.70483502402566	100.0	99.45829918032787	99.43279966772528	cetartiodactyla	529.8289222790023	309.0	13285	248	13057	.98283778697779450508	132539423	35707597	.26941113965767000509	GCF_000003025.6_Sscrofa11.1_cds_from_genomic.fna	GCA_001700575.1_Berkshire_pig_v1_genomic.fna
Sus_scrofa	99.59225404234046	100.0	99.32738325991187	98.91096139235707	cetartiodactyla	483.67602933822303	282.0	13285	248	11945	.89913436206247647722	132539423	33078269	.24957305721785132563	GCF_000003025.6_Sscrofa11.1_cds_from_genomic.fna	GCA_001292865.1_ss10.2_mar2013_genomic.fna
Sus_scrofa	99.70189323789224	100.0	99.42288979591838	99.33694658078822	cetartiodactyla	530.79469996954	309.0	13285	248	13079	.98449378998870907038	132539423	36554900	.27580397720608758044	GCF_000003025.6_Sscrofa11.1_cds_from_genomic.fna	GCA_001700135.1_Large_White_v1_genomic.fna
Sus_scrofa_domesticus	99.62600197658509	100.0	99.40258775510202	98.4458533478728	cetartiodactyla	514.12171202676	305.0	13285	248	13085	.98494542717350395182	132539423	49525439	.37366572057583199226	GCF_000003025.6_Sscrofa11.1_cds_from_genomic.fna	GCA_017957985.1_ASM1795798v1_genomic.fna
Sus_scrofa_domesticus	99.63281801568566	100.0	99.40822540983605	98.6814932384283	cetartiodactyla	529.3121906647377	309.0	13285	248	13078	.98441851712457659013	132539423	45893431	.34626249278299634667	GCF_000003025.6_Sscrofa11.1_cds_from_genomic.fna	GCA_020567905.1_ASM2056790v1_genomic.fna
Sus_scrofa	99.70682986190633	100.0	99.46932098765433	99.43169130468205	cetartiodactyla	529.5992980849927	308.0	13285	248	13053	.98253669552126458411	132539423	35585906	.26849299019507577002	GCF_000003025.6_Sscrofa11.1_cds_from_genomic.fna	GCA_001700255.1_Pietrain_pig_v1_genomic.fna
Sus_scrofa	99.6268242770171	100.0	99.38658775510207	99.37259224093287	cetartiodactyla	528.6581430745814	309.0	13285	248	13086	.98502070003763643206	132539423	35223196	.26575637046495969731	GCF_000003025.6_Sscrofa11.1_cds_from_genomic.fna	GCA_001700295.1_Jinhua_pig_v1_genomic.fna
Ovis_aries	99.6439624999997	100.0	99.37272995780586	98.3211293471899	cetartiodactyla	545.332578125	316.0	13323	247	12786	.95969376266606620130	125864833	44365054	.35248172934849879791	GCF_016772045.1_ARS-UI_Ramb_v2.0_cds_from_genomic.fna	GCA_021327355.1_ASM2132735v1_genomic.fna
Ovis_aries	99.65139823484282	100.0	99.3665454545454	97.19571464792051	cetartiodactyla	557.239907904835	322.0	13323	247	13015	.97688208361480147114	125864833	52467638	.41685701040893606874	GCF_016772045.1_ARS-UI_Ramb_v2.0_cds_from_genomic.fna	GCA_021327435.1_ASM2132743v1_genomic.fna
Ovis_aries	99.64773661393399	100.0	99.3679045643153	97.07204221887675	cetartiodactyla	558.0004563431701	322.0	13323	247	13133	.98573894768445545297	125864833	52754912	.41913941124444188473	GCF_016772045.1_ARS-UI_Ramb_v2.0_cds_from_genomic.fna	GCA_021327375.1_ASM2132737v1_genomic.fna
Ovis_aries	99.64853030886577	100.0	99.31457740585766	97.34194287237297	cetartiodactyla	552.2339983054763	320.0	13323	247	12968	.97335434962095624108	125864833	48485157	.38521607540686126362	GCF_016772045.1_ARS-UI_Ramb_v2.0_cds_from_genomic.fna	GCA_021325875.1_ASM2132587v1_genomic.fna
Ovis_aries	99.62834995646301	100.0	99.39485169491523	97.3673106902971	cetartiodactyla	552.8529248792844	320.0	13323	247	12620	.94723410643248517601	125864833	48567339	.38586901394450664388	GCF_016772045.1_ARS-UI_Ramb_v2.0_cds_from_genomic.fna	GCA_021325935.1_ASM2132593v1_genomic.fna
Ovis_aries	99.64477281091874	100.0	99.45060416666662	97.06189985186113	cetartiodactyla	556.5657107805552	321.0	13323	247	13027	.97778278165578323200	125864833	52113569	.41404392122778250538	GCF_016772045.1_ARS-UI_Ramb_v2.0_cds_from_genomic.fna	GCA_021328935.1_ASM2132893v1_genomic.fna
Ovis_aries	99.6344138591728	100.0	99.43026406926403	98.19894216963895	cetartiodactyla	552.5791154398851	320.0	13323	247	12511	.93905276589356751482	125864833	44460909	.35324330029500774056	GCF_016772045.1_ARS-UI_Ramb_v2.0_cds_from_genomic.fna	GCA_021327395.1_ASM2132739v1_genomic.fna
Ovis_aries	99.64151528957527	100.0	99.32152697095432	97.20850936832504	cetartiodactyla	557.180386100386	322.0	13323	247	12935	.97087743000825639870	125864833	50949104	.40479221070431960927	GCF_016772045.1_ARS-UI_Ramb_v2.0_cds_from_genomic.fna	GCA_021328945.1_ASM2132894v1_genomic.fna
Ovis_aries	99.65302619120357	100.0	99.46097925311197	97.16368778703526	cetartiodactyla	555.2003665241295	321.0	13323	247	13081	.98183592284020115589	125864833	51910444	.41243008680589915055	GCF_016772045.1_ARS-UI_Ramb_v2.0_cds_from_genomic.fna	GCA_021327305.1_ASM2132730v1_genomic.fna
Ovis_aries	99.65653860154725	100.0	99.35630737704912	96.71403951134323	cetartiodactyla	561.9331108751707	325.0	13323	247	13171	.98859115814756436238	125864833	60116245	.47762543013106766685	GCF_016772045.1_ARS-UI_Ramb_v2.0_cds_from_genomic.fna	GCA_018804185.1_NWAFU_Friesian_1.0_genomic.fna
Mus_musculus	99.59014717370468	100.0	98.88176348547721	98.22586614618187	glires	569.3016434519861	337.0	13788	247	13539	.98194081810269799825	193701685	50673297	.26160483322589578918	GCF_000001635.27_GRCm39_cds_from_genomic.fna	GCA_001624505.1_DBA_2J_v1_genomic.fna
Mus_musculus	99.61223717192583	100.0	98.86266390041496	97.74216521151989	glires	578.8100855204955	342.0	13788	247	13534	.98157818392805337975	193701685	67897526	.35052625381136978751	GCF_000001635.27_GRCm39_cds_from_genomic.fna	GCA_921998905.1_CBA_J_v2_genomic.fna
Mus_musculus	99.71571160938204	100.0	98.96786363636365	97.75060131009785	glires	582.373580174067	342.0	13788	247	13538	.98186829126776907455	193701685	68482227	.35354481815684773211	GCF_000001635.27_GRCm39_cds_from_genomic.fna	GCA_921999865.1_C57BL_6NJ_v2_genomic.fna
Mus_musculus	99.61206378115308	100.0	98.80821900826447	98.44072433748242	glires	570.7686181979059	338.0	13788	247	13541	.98208587177255584566	193701685	50211846	.25922255658230334960	GCF_000001635.27_GRCm39_cds_from_genomic.fna	GCA_001624295.1_AKR_J_v1_genomic.fna
Mus_musculus	99.607163313435	100.0	98.85275619834715	97.85293809070177	glires	579.3850689070675	342.0	13788	247	13539	.98194081810269799825	193701685	64432619	.33263840219046106904	GCF_000001635.27_GRCm39_cds_from_genomic.fna	GCA_921998325.1_NOD_ShiLtJ_v2_genomic.fna
Mus_musculus	99.7178049499117	100.0	99.02283950617286	99.11003511149359	glires	581.1841484973482	341.0	13788	247	13556	.98317377429648970118	193701685	47550620	.24548377057225909005	GCF_000001635.27_GRCm39_cds_from_genomic.fna	GCA_003774525.2_ASM377452v2_genomic.fna
Mus_musculus	99.62002685355954	100.0	98.8692190082645	97.61856065444343	glires	578.6405754334194	342.0	13788	247	13525	.98092544241369306643	193701685	68238233	.35228518017280025209	GCF_000001635.27_GRCm39_cds_from_genomic.fna	GCA_921998355.1_A_J_v2_genomic.fna
Mus_musculus	99.62495709230294	100.0	98.86200000000002	97.6279966118819	glires	579.0992332645237	342.0	13788	247	13534	.98157818392805337975	193701685	69397169	.35826827732551732835	GCF_000001635.27_GRCm39_cds_from_genomic.fna	GCA_921997145.1_BALB_cJ_v2_genomic.fna
Mus_musculus	99.61604644647595	100.0	98.86418257261414	97.6862918091817	glires	577.5365673842524	341.0	13788	247	13534	.98157818392805337975	193701685	64729768	.33417245699230752690	GCF_000001635.27_GRCm39_cds_from_genomic.fna	GCA_921998635.1_FVB_NJ_v2_genomic.fna
Mus_musculus	99.59230761294154	100.0	98.84303719008267	98.30116342005928	glires	572.1053135824305	338.0	13788	247	13543	.98223092544241369306	193701685	50436982	.26038483867602907016	GCF_000001635.27_GRCm39_cds_from_genomic.fna	GCA_001624745.1_NZO_HlLtJ_v1_genomic.fna
