Danio_rerio	99.57777960241985	99.794	99.61454811715481	93.177304559251	actinopterygii	459.0844137136272	262.0	3632	248	3459	.95236784140969162995	120694274	135375332	1.12163839686379819476	GCF_000002035.6_GRCz11_cds_from_genomic.fna	GCA_903684865.1_fDreABH1.1_genomic.fna
Danio_rerio	99.58783470604932	99.787	99.6647942386831	91.7372128320109	actinopterygii	455.01221243964784	261.0	3632	248	3511	.96668502202643171806	120694274	149567946	1.23922984117705534232	GCF_000002035.6_GRCz11_cds_from_genomic.fna	GCA_008692375.1_ASM869237v1_genomic.fna
Danio_rerio	99.83296658242067	100.0	99.84820491803279	97.52689400106433	actinopterygii	460.4762707104746	261.0	3632	248	3549	.97714757709251101321	120694274	62709184	.51957049760289373794	GCF_000002035.6_GRCz11_cds_from_genomic.fna	GCA_001487895.1_Zebrafish_Genome_Assembly_WGS32_genomic.fna
Danio_rerio	99.7482258984597	100.0	99.77819230769231	90.74794081565288	actinopterygii	459.2752424415288	261.5	3632	248	3494	.96200440528634361233	120694274	233341711	1.93332875924171845965	GCF_000002035.6_GRCz11_cds_from_genomic.fna	GCA_903684855.2_fDreTuH1.2_genomic.fna
Danio_rerio	99.87763143176733	100.0	99.87976543209878	97.31058758785187	actinopterygii	463.03215883668906	263.0	3632	248	3564	.98127753303964757709	120694274	65671432	.54411389889134260006	GCF_000002035.6_GRCz11_cds_from_genomic.fna	GCA_000767325.1_WGS31_genomic.fna
Danio_rerio	99.58621256983234	99.793	99.62694238683125	98.32221445131036	actinopterygii	456.9329608938547	261.0	3632	248	3568	.98237885462555066079	120694274	32388056	.26834790853458383618	GCF_000002035.6_GRCz11_cds_from_genomic.fna	GCA_001483285.1_CG2v1.0_genomic.fna
Danio_rerio	99.58113664422004	99.72	99.62041908713692	90.87622832028703	actinopterygii	460.6456228956229	262.0	3632	248	3552	.97797356828193832599	120694274	172313148	1.42768287416849617903	GCF_000002035.6_GRCz11_cds_from_genomic.fna	GCA_020184715.1_ASM2018471v1_genomic.fna
Danio_rerio	99.51413644020208	99.628	99.58049180327869	97.17886116449493	actinopterygii	457.2338573834924	259.5	3632	248	3550	.97742290748898678414	120694274	49489090	.41003676777574386006	GCF_000002035.6_GRCz11_cds_from_genomic.fna	GCA_903798175.1_fDreNAz1.1_genomic.fna
Danio_rerio	99.4153822784808	99.519	99.50861983471076	97.92445150893369	actinopterygii	455.36990154711674	258.0	3632	248	3543	.97549559471365638766	120694274	43889328	.36364051537357936301	GCF_000002035.6_GRCz11_cds_from_genomic.fna	GCA_903798165.1_fDreCBz1.1_genomic.fna
Danio_rerio	99.67286997167128	100.0	99.70835684647302	96.72778411444985	actinopterygii	457.00934844192636	261.0	3632	248	3518	.96861233480176211453	120694274	72043709	.59691074491238913289	GCF_000002035.6_GRCz11_cds_from_genomic.fna	GCA_020064045.1_ZF1_MM_RP_genomic.fna
Oryzias_latipes	99.57237085658018	100.0	99.64802645502647	98.85329168175672	actinopterygii	177.3889071217591	160.0	3616	244	3034	.83904867256637168141	105470528	12140349	.11510655374741273694	GCF_002234675.1_ASM223467v1_cds_from_genomic.fna	GCA_905309425.1_MIKK_11-1_draft_assembly_genomic.fna
Oryzias_latipes	99.63493797276855	100.0	99.60041395348836	98.88312612909422	actinopterygii	197.92375189107412	174.0	3616	244	3292	.91039823008849557522	105470528	17078328	.16192512092098372732	GCF_002234675.1_ASM223467v1_cds_from_genomic.fna	GCA_905309365.1_MIKK_7-1_draft_assembly_genomic.fna
Oryzias_latipes	99.59798483870978	100.0	99.62733333333331	98.85212778448152	actinopterygii	180.5641935483871	163.0	3616	244	3088	.85398230088495575221	105470528	13346664	.12654401426718940859	GCF_002234675.1_ASM223467v1_cds_from_genomic.fna	GCA_905309415.1_MIKK_69-1_draft_assembly_genomic.fna
Oryzias_latipes	99.64770218663375	100.0	99.56717560975608	98.93512296151056	actinopterygii	194.47212811826302	171.0	3616	244	3232	.89380530973451327433	105470528	16292562	.15447502073754670119	GCF_002234675.1_ASM223467v1_cds_from_genomic.fna	GCA_905309405.1_MIKK_4-1_draft_assembly_genomic.fna
Oryzias_latipes	99.60923650142098	100.0	99.59913567839197	98.87332239444532	actinopterygii	185.16798231765077	165.0	3616	244	3145	.86974557522123893805	105470528	14218941	.13481435306742751870	GCF_002234675.1_ASM223467v1_cds_from_genomic.fna	GCA_905309435.1_MIKK_79-2_draft_assembly_genomic.fna
Oryzias_latipes	99.97409599776097	100.0	99.92961666666666	97.24249143773034	actinopterygii	465.1956339210747	268.0	3616	244	3558	.98396017699115044247	105470528	69063554	.65481376939726707350	GCF_002234675.1_ASM223467v1_cds_from_genomic.fna	GCA_004347445.1_ASM434744v1_genomic.fna
Oryzias_latipes	98.88979254079233	98.9825	99.02521145374449	97.02409866595352	actinopterygii	440.5081585081585	261.0	3616	244	3417	.94496681415929203539	105470528	53677231	.50893109210565438716	GCF_002234675.1_ASM223467v1_cds_from_genomic.fna	GCA_002234715.1_ASM223471v1_genomic.fna
Oryzias_latipes	99.63529707495421	100.0	99.6191298076923	98.92213709270216	actinopterygii	197.74588665447897	174.0	3616	244	3269	.90403761061946902654	105470528	16870221	.15995199151747870267	GCF_002234675.1_ASM223467v1_cds_from_genomic.fna	GCA_905309105.1_MIKK_7-2_draft_assembly_genomic.fna
Oryzias_latipes	99.63660290117855	100.0	99.65017289719624	98.9334653219165	actinopterygii	206.36778482925354	179.0	3616	244	3296	.91150442477876106194	105470528	18280418	.17332252285681171521	GCF_002234675.1_ASM223467v1_cds_from_genomic.fna	GCA_905309455.1_MIKK_134-1_draft_assembly_genomic.fna
Oryzias_latipes	99.56800383820485	100.0	99.60388687782802	98.97410820791092	actinopterygii	215.957779746088	186.0	3616	244	3365	.93058628318584070796	105470528	19968317	.18932603617950978684	GCF_002234675.1_ASM223467v1_cds_from_genomic.fna	GCA_905309385.1_MIKK_131-1_draft_assembly_genomic.fna
Taeniopygia_guttata	99.47799527089553	99.604	99.46420100502513	99.2487090865824	passeriformes	510.18124807237587	279.0	10821	244	9656	.89233897052028463173	94068870	22756733	.24191566242902673328	GCF_003957565.2_bTaeGut1.4.pri_cds_from_genomic.fna	GCA_012069535.1_zebrafinch.Unzip_purge_haplotigs_genomic.fna
Taeniopygia_guttata	99.48805254253209	99.636	99.5536768558952	99.2572710468214	passeriformes	517.5792837672714	285.0	10821	244	10588	.97846779410405692634	94068870	27490449	.29223747452265558202	GCF_003957565.2_bTaeGut1.4.pri_cds_from_genomic.fna	GCA_012069585.1_zebrafinch.Unzip_purge_primary_genomic.fna
Taeniopygia_guttata	99.50991078136752	99.659	99.48671551724136	98.46753168611679	passeriformes	518.265871525169	285.0	10821	244	10573	.97708160059144256538	94068870	33131093	.35220039318001800170	GCF_003957565.2_bTaeGut1.4.pri_cds_from_genomic.fna	GCA_012069595.1_zebrafinch.phase1_scaffolds_genomic.fna
Taeniopygia_guttata	99.74639526360315	100.0	99.69548275862068	99.38940785393993	passeriformes	507.9034865144253	276.0	10821	244	10583	.97800572959985213935	94068870	26222839	.27876213459351643109	GCF_003957565.2_bTaeGut1.4.pri_cds_from_genomic.fna	GCA_000151805.2_Taeniopygia_guttata-3.2.4_genomic.fna
Taeniopygia_guttata	99.47896698062159	99.612	99.57521081081083	99.38864825684065	passeriformes	525.3699253004222	283.0	10821	244	9178	.84816560391830699565	94068870	21858997	.23237227150703521792	GCF_003957565.2_bTaeGut1.4.pri_cds_from_genomic.fna	GCA_009859025.1_bTaeGut2.p.v1.alt_genomic.fna
Taeniopygia_guttata	99.48251579980368	99.621	99.48869955156951	98.88025396364857	passeriformes	546.1040235525024	289.0	10821	244	10133	.93641992422142131041	94068870	31326784	.33301966952510431984	GCF_003957565.2_bTaeGut1.4.pri_cds_from_genomic.fna	GCA_008822115.3_bTaeGut2.mat.v3_genomic.fna
Taeniopygia_guttata	99.482650511881	99.607	99.47431512605043	98.87962316241475	passeriformes	540.5969756738988	288.0	10821	244	10603	.97985398761667128731	94068870	32656231	.34715236825955281486	GCF_003957565.2_bTaeGut1.4.pri_cds_from_genomic.fna	GCA_008822105.2_bTaeGut2.pat.W.v2_genomic.fna
Taeniopygia_guttata	99.50198883886688	99.643	99.47564782608698	99.22528727309405	passeriformes	520.3422434815232	285.0	10821	244	10587	.97837538120321596894	94068870	27851977	.29608070129895256528	GCF_003957565.2_bTaeGut1.4.pri_cds_from_genomic.fna	GCA_012069615.1_zebrafinch.phase0_contigs_genomic.fna
Taeniopygia_guttata	99.48847823225174	99.621	99.54071120689655	99.21947226364385	passeriformes	515.2635637047484	283.0	10821	244	10592	.97883744570742075593	94068870	27945782	.29707789622645621234	GCF_003957565.2_bTaeGut1.4.pri_cds_from_genomic.fna	GCA_012069575.1_zebrafinch.phase1_contigs_genomic.fna
Taeniopygia_guttata	99.45533459755588	99.607	99.46102816901404	99.08692736217169	passeriformes	532.0046354825116	281.0	10821	244	9457	.87394880325293410960	94068870	25948254	.27584315618971504600	GCF_003957565.2_bTaeGut1.4.pri_cds_from_genomic.fna	GCA_003957525.2_bTaeGut1.4.alt_genomic.fna
