Maniola_hyperantus	99.71914631016037	100.0	99.73468493150685	99.11963551560295	lepidoptera	632.924064171123	336.0	5264	244	4643	.88202887537993920972	31967241	19446625	.60832978986206535621	GCF_902806685.1_iAphHyp1.1_cds_from_genomic.fna	GCA_902806615.1_iAphHyp1.1_alternate_haplotype_genomic.fna
Ooceraea_biroi	99.94882169890664	100.0	99.94156967213118	99.47437501868693	hymenoptera	684.4617325483599	419.0	5982	244	5880	.98294884653961885656	50585078	21856293	.43206996735282290164	GCF_003672135.1_Obir_v5.4_cds_from_genomic.fna	GCA_000611835.1_CerBir1.0_genomic.fna
Drosophila_subpulchrella	98.82259019426444	98.969	98.77219327731093	98.08325097264422	diptera	925.0931236509405	755.0	3267	239	3218	.98500153045607591062	57003523	28634693	.50233198744575839637	GCF_014743375.2_RU_Dsub_v1.1_cds_from_genomic.fna	GCA_018150325.1_ASM1815032v1_genomic.fna
Amphibalanus_amphitrite	98.38575493250269	98.655	98.44379411764704	97.6889447219223	arthropoda	443.0166147455867	269.0	993	244	963	.96978851963746223564	109091320	39815657	.36497548109235455213	GCF_019059575.1_NRLGWU_Aamphi_draft_cds_from_genomic.fna	GCA_009805615.1_SNU_Aamp_1_genomic.fna
Drosophila_rhopaloa	99.83266317411395	100.0	99.85108474576269	99.35658001428457	diptera	1006.3525423728813	805.0	3260	238	3221	.98803680981595092024	51057238	25027159	.49017847381403592571	GCF_018152115.1_ASM1815211v1_cds_from_genomic.fna	GCA_000236305.2_Drho_2.0_genomic.fna
Harpegnathos_saltator	99.9521922235315	100.0	99.96855416666668	99.51443000348647	hymenoptera	670.486955058071	415.0	5980	240	5901	.98678929765886287625	55398231	22377523	.40393930629301141402	GCF_003227715.1_Hsal_v8.5_cds_from_genomic.fna	GCA_000147195.1_HarSal_1.0_genomic.fna
Frieseomelitta_varia	99.91741030405396	100.0	99.9165271966527	99.76166547609935	hymenoptera	649.8378378378378	411.0	5969	240	5872	.98374937175406265706	48738648	17325749	.35548275774904548029	GCF_011392965.1_Fvar_1.2_cds_from_genomic.fna	GCA_019969155.1_UNCG_FV_genome_genomic.fna
Diachasma_alloeum					hymenoptera			5932	246	0	0	35390096	0	0	GCF_001412515.2_Dall2.0_cds_from_genomic.fna	GCA_913698315.1_Dallo3_genomic.fna
Neodiprion_pinetum	99.9112970583234	100.0	99.87739430894311	99.57445173132302	hymenoptera	659.8331916340759	407.0	5941	247	5830	.98131627672109072546	63037633	22245321	.35288953504964248895	GCF_021155775.1_iyNeoPine1.1_cds_from_genomic.fna	GCA_004916985.1_UKY_Npine_v1_genomic.fna
Neodiprion_lecontei	99.89273709078637	100.0	99.88767073170733	99.34573478616389	hymenoptera	684.0332433344583	410.0	5953	247	5864	.98504955484629598521	29505061	21616941	.73265196774207652036	GCF_001263575.1_Nlec1.0_cds_from_genomic.fna	GCA_021901455.1_iyNeoLeco1.1_genomic.fna
Pomacea_canaliculata	99.440021091331	99.615	99.5768612244898	95.95699113171429	mollusca	462.8991873065016	258.0	5238	247	5144	.98205421916762122947	75070715	48288067	.64323440905018688046	GCF_003073045.1_ASM307304v1_cds_from_genomic.fna	GCA_004794335.1_ASM479433v1_genomic.fna
Amphimedon_queenslandica	99.95839791183292	100.0	99.94005957446807	96.29299466844171	metazoa	347.32134570765663	216.5	881	242	861	.97729852440408626560	35240725	49316973	1.39943128298296927773	GCF_000090795.1_v1.0_cds_from_genomic.fna	GCA_016292275.1_UQ_AmQuee_3_genomic.fna
Ischnura_elegans	99.62297812499999	99.8615	99.6062352941177	97.8998629446475	insecta	419.0359375	271.0	1354	244	1278	.94387001477104874446	55734020	33327592	.59797574264336216910	GCF_921293095.1_ioIscEleg1.1_cds_from_genomic.fna	GCA_921293115.1_ioIscEleg1.1_alternate_haplotype_genomic.fna
Chrysoperla_carnea	99.44353075060526	99.664	99.36933061224492	98.03968424492192	endopterygota	695.6692493946731	479.0	2075	245	2056	.99084337349397590361	33272126	26531199	.79740017214409442907	GCF_905475395.1_inChrCarn1.1_cds_from_genomic.fna	GCA_905475295.1_inChrCarn1.1_alternate_haplotype_genomic.fna
Diuraphis_noxia	99.83753026634373	100.0	99.86148347107435	99.68336375204686	hemiptera	474.4301856335755	299.0	2483	242	2471	.99516713652839307289	28620546	13999761	.48915073108668157483	GCF_001186385.1_Dnoxia_1.0_cds_from_genomic.fna	GCA_001465515.1_DiuNox1.0_genomic.fna
Varroa_destructor	99.97222799999999	100.0	99.98693832599119	99.94220059996105	arachnida	601.8407272727272	351.5	2895	235	2747	.94887737478411053540	58991906	15884593	.26926732965705498649	GCF_002443255.1_Vdes_3.0_cds_from_genomic.fna	GCA_000181155.2_Vdes2.0_genomic.fna
Bactrocera_oleae	99.80282200956916	100.0	99.82328384279477	99.69199309620811	diptera	812.0688995215311	649.0	3263	240	3114	.95433650015323322096	76538814	18300356	.23909902758618653275	GCF_001188975.3_MU_Boleae_v2_cds_from_genomic.fna	GCA_001014625.1_ASM101462v1_genomic.fna
Camponotus_floridanus	99.95736229205163	100.0	99.95521721311475	99.34591630996151	hymenoptera	682.747269366493	417.0	5976	244	5911	.98912315930388219544	52248203	21981722	.42071728285085709072	GCF_003227725.1_Cflo_v7.5_cds_from_genomic.fna	GCA_000147175.1_CamFlo_1.0_genomic.fna
Aricia_agestis	99.57070220517753	99.653	99.63926938775519	98.53602919869337	lepidoptera	681.6308724832214	359.0	5247	245	5186	.98837430912902611015	42148487	26525659	.62933834374647896613	GCF_905147365.1_ilAriAges1.1_cds_from_genomic.fna	GCA_905147165.1_ilAriAges1.1_alternate_haplotype_genomic.fna
Cimex_lectularius	99.85639500201538	100.0	99.79060995850622	99.63271948504776	hemiptera	464.0939137444579	288.0	2501	241	2481	.99200319872051179528	45828194	19072455	.41617295676107157964	GCF_000648675.2_Clec_2.1_cds_from_genomic.fna	GCA_001460545.1_ASM146054v1_genomic.fna
Sphaeroforma_arctica	99.99698445595855	100.0	99.99698445595855	98.5044638714923	eukaryota	394.40932642487047	264.0	224	224	191	.85267857142857142857	17026107	15762100	.92576065685479364131	GCF_001186125.1_Spha_arctica_JP610_V1_cds_from_genomic.fna	GCA_008580545.1_SphArc_2.1_genomic.fna
Acropora_digitifera	99.23720048309178	99.454	99.25958904109585	95.18457288695434	metazoa	310.14130434782606	207.5	867	225	823	.94925028835063437139	47288721	45387282	.95979085583642661851	GCF_000222465.1_Adig_1.1_cds_from_genomic.fna	GCA_014634065.1_Adig_2.0_genomic.fna
Papilio_xuthus	99.41684931506846	99.543	99.42115510204079	99.05579654637008	lepidoptera	677.1708523592085	361.0	5274	245	5251	.99563898369359120212	38864117	20446395	.52609956376983941253	GCF_000836235.1_Pxut_1.0_cds_from_genomic.fna	GCA_001298345.1_Pap_xu_1.0_genomic.fna
Bactrocera_tryoni	99.73538929363326	99.923	99.7178461538461	99.35487314364853	diptera	891.8850174216028	691.0	3267	239	3133	.95898377716559534741	49534750	22035798	.44485533892873184986	GCF_016617805.1_CSIRO_BtryS06_freeze2_cds_from_genomic.fna	GCA_000695345.1_Assembly_2.2_of_Bactrocera_tryoni_genome_genomic.fna
Orbicella_faveolata	99.95690835266821	100.0	99.91424215246637	98.73617235534776	metazoa	327.3294663573086	216.5	906	235	854	.94260485651214128035	49761459	40998794	.82390659003788454032	GCF_002042975.1_ofav_dov_v1_cds_from_genomic.fna	GCA_001896105.1_O_faveolata_v1_genomic.fna
Patiria_miniata	98.42507559395243	98.72999999999999	98.28482987551871	96.3635088102143	metazoa	297.6749460043197	220.0	943	246	925	.98091198303287380699	77365328	38468529	.49723215805405749717	GCF_015706575.1_ASM1570657v1_cds_from_genomic.fna	GCA_000285935.1_Pmin_1.0_genomic.fna
Acropora_millepora	99.35890765765764	99.512	99.32944871794871	95.8564637996632	metazoa	332.3288288288288	217.0	925	246	886	.95783783783783783783	69192834	58039594	.83880931947374781613	GCF_013753865.1_Amil_v2.1_cds_from_genomic.fna	GCA_004143615.1_amil_sf_1.1_genomic.fna
Anopheles_merus	99.9214059040591	100.0	99.94705394190869	98.61251624421557	diptera	1163.2755227552275	875.0	3268	242	3233	.98929008567931456548	68543884	25157970	.36703449719890398974	GCF_017562075.2_AmerM5.1_cds_from_genomic.fna	GCA_000473845.2_Anop_meru_MAF_V1_genomic.fna
Drosophila_ficusphila	99.97185354620812	100.0	99.96367226890757	99.53922170603096	diptera	1008.0773718145533	809.0	3267	239	3236	.99051117232935414753	43262263	24945985	.57662228626366586509	GCF_018152265.1_ASM1815226v1_cds_from_genomic.fna	GCA_000220665.2_Dfic_2.0_genomic.fna
Helicoverpa_armigera	97.83342381685262	98.178	97.37420247933886	97.22570275954686	lepidoptera	606.3509041939208	350.0	5271	244	5189	.98444317966230316827	37101673	21513348	.57984846128097781466	GCF_002156985.1_Harm_1.0_cds_from_genomic.fna	GCA_017165865.1_ASM1716586v1_genomic.fna
Drosophila_eugracilis	99.80998247232472	100.0	99.78462343096231	99.31713282034369	diptera	1009.2466174661747	807.0	3268	239	3230	.98837209302325581395	46537694	25342959	.54456843091537797296	GCF_018153835.1_ASM1815383v1_cds_from_genomic.fna	GCA_000236325.2_Deug_2.0_genomic.fna
Bactrocera_dorsalis	99.21260785597393	99.45	99.35250892857141	98.7322437699608	diptera	870.3947626841244	685.0	3254	237	3029	.93085433312845728334	41025851	22498396	.54839559574279153892	GCF_000789215.1_ASM78921v2_cds_from_genomic.fna	GCA_020283865.1_ASM2028386v1_genomic.fna
Penaeus_japonicus	99.57153474320233	99.767	99.43857024793391	97.35719044877658	arthropoda	370.78147029204433	234.0	1000	243	992	.99200000000000000000	83142962	15553318	.18706716270223810405	GCF_017312705.1_Mj_TUMSAT_v1.0_cds_from_genomic.fna	GCA_002291165.1_Mjap_WGS_v1_genomic.fna
Lucilia_sericata	99.67032154137702	100.0	99.65846120689658	99.19371501976649	diptera	745.1617182564751	566.0	3237	236	3133	.96787148594377510040	49503856	17537263	.35426054487553454421	GCF_015586225.1_ASM1558622v1_cds_from_genomic.fna	GCA_001014835.1_ASM101483v1_genomic.fna
Asterias_rubens	99.73375382932173	100.0	99.71789915966394	98.24469037823826	metazoa	299.35995623632385	219.0	947	245	914	.96515311510031678986	51541526	31312801	.60752568715175410211	GCF_902459465.1_eAstRub1.3_cds_from_genomic.fna	GCA_902459445.1_eAstRub1.2_alternate_haplotype_genomic.fna
Apis_dorsata	99.87899662390298	100.0	99.92198750000001	99.71955150092214	hymenoptera	641.2307562457798	410.0	5954	240	5862	.98454820288881424252	40685165	17217008	.42317655587730810480	GCF_000469605.1_Apis_dorsata_1.3_cds_from_genomic.fna	GCA_009792835.1_RUTG_Adors_1.0_genomic.fna
Vespa_mandarinia	99.95916302027744	100.0	99.9728309859155	99.33665511646534	hymenoptera	641.2286552828175	397.5	5958	242	3706	.62202081235313863712	62948672	14178061	.22523209067857698411	GCF_014083535.2_V.mandarinia_Nanaimo_p1.0_cds_from_genomic.fna	GCA_014083525.1_V.mandarinia_Nanaimo_a1.0_genomic.fna
Nasonia_vitripennis	99.98098458112035	100.0	99.98297925311203	99.31698557688038	hymenoptera	618.2086688367312	427.0	5897	241	5754	.97575038154994064778	71230144	26085664	.36621663996636030947	GCF_009193385.2_Nvit_psr_1.1_cds_from_genomic.fna	GCA_000002325.2_Nvit_2.1_genomic.fna
Glossina_fuscipes	99.83373734567894	99.947	99.78302479338848	99.66608633826307	diptera	952.0722222222222	731.0	3259	242	3217	.98711261123043878490	49333765	22612692	.45836136771641085978	GCF_014805625.1_Yale_Gfus_2_cds_from_genomic.fna	GCA_000671735.1_Glossina_fuscipes-3.0.2_genomic.fna
Drosophila_obscura	99.61958633425641	99.693	99.62703797468362	99.14570245551083	diptera	977.8842720837181	788.0	3268	238	3228	.98776009791921664626	44857842	25965148	.57883185731493726336	GCF_018151105.1_ASM1815110v1_cds_from_genomic.fna	GCA_002217835.1_Dobs_1.0_genomic.fna
Drosophila_mojavensis	99.96930979428926	100.0	99.97724894514768	99.00084189322807	diptera	1013.3282161498312	807.0	3269	239	3239	.99082288161517283572	51239950	27962714	.54572094625385075512	GCF_018153725.1_ASM1815372v1_cds_from_genomic.fna	GCA_000005175.1_dmoj_caf1_genomic.fna
Drosophila_mauritiana	99.40797265745007	99.508	99.38106302521011	98.5587189348849	diptera	1006.9084485407066	806.0	3269	238	3235	.98959926583052921382	48762174	30265672	.62067929949144597203	GCF_004382145.1_ASM438214v1_cds_from_genomic.fna	GCA_018904475.1_ASM1890447v1_genomic.fna
Scaptodrosophila_lebanonensis	99.89614120225428	100.0	99.89700840336135	99.63904342135875	diptera	945.1449592986851	766.0	3269	240	3172	.97032731722239216885	39309740	19732217	.50196762939668387529	GCF_003285725.1_SlebRS2_cds_from_genomic.fna	GCA_001014445.1_ASM101444v1_genomic.fna
Drosophila_hydei	99.65161985248922	99.7135	99.67345833333336	98.95895808405638	diptera	966.2667486170867	793.5	3266	240	3235	.99050826699326393141	45513905	23131296	.50822481613036719218	GCF_003285905.1_DhydRS2_cds_from_genomic.fna	GCA_002780465.1_ASM278046v1_genomic.fna
Drosophila_grimshawi	99.97953069367712	100.0	99.92080672268906	98.44100839076754	diptera	1017.7596685082873	812.5	3266	240	3239	.99173300673606858542	39503153	26598583	.67332810117713894888	GCF_018153295.1_ASM1815329v1_cds_from_genomic.fna	GCA_000005155.1_dgri_caf1_genomic.fna
Ceratitis_capitata	99.68765568676179	100.0	99.67836440677962	98.55955788905429	diptera	855.8241143567433	662.5	3267	239	3194	.97765534129170492806	52263072	28260362	.54073289071105502562	GCF_000347755.3_Ccap_2.1_cds_from_genomic.fna	GCA_905071925.1_EGII-3.2.1_genomic.fna
Loa_loa	99.95822920696325	100.0	99.9726888888889	99.83530558544821	nematoda	261.8716956802063	227.0	3110	227	3097	.99581993569131832797	15531316	13061109	.84095314266994503234	GCF_000183805.2_Loa_loa_V3.1_cds_from_genomic.fna	GCA_000733445.1_LLoa-hgap-1_genomic.fna
Anopheles_arabiensis	99.93114158202509	100.0	99.9204979253112	99.55024751083025	diptera	1161.6937519236687	869.0	3269	241	3227	.98715203426124197002	61167979	24587972	.40197456907968138035	GCF_016920715.1_AaraD3_cds_from_genomic.fna	GCA_000349185.1_Anop_arab_DONG5_A_V1_genomic.fna
Manduca_sexta	99.60016021464179	100.0	99.58056504065038	98.20671430896297	lepidoptera	672.9609045611345	359.5	5259	245	5208	.99030233884768967484	45328186	23671170	.52221745648502236555	GCF_014839805.1_JHU_Msex_v1.0_cds_from_genomic.fna	GCA_000262585.1_Msex_1.0_genomic.fna
Pieris_brassicae	99.80967494949472	100.0	99.8365785123967	97.4843760545849	lepidoptera	689.9674747474747	361.0	5222	244	4941	.94618919954040597472	44998986	23040488	.51202238201545252597	GCF_905147105.1_ilPieBrab1.1_cds_from_genomic.fna	GCA_905147085.1_ilPieBrab1.1_alternate_haplotype_genomic.fna
Acyrthosiphon_pisum	99.9759246190858	100.0	99.9784090909091	97.54303162364262	hemiptera	493.73135525260625	303.0	2501	243	2491	.99600159936025589764	46715729	31101189	.66575411891784884701	GCF_005508785.1_pea_aphid_22Mar2018_4r6ur_cds_from_genomic.fna	GCA_000142985.2_Acyr_2.0_genomic.fna
Dermatophagoides_pteronyssinus	99.48482123893795	99.671	99.57130837004406	98.33145040400997	arachnida	997.3295575221239	760.0	2863	232	2785	.97275585050646175340	21902014	18300470	.83556105844878009848	GCF_001901225.1_ASM190122v2_cds_from_genomic.fna	GCA_003076615.3_CUHK_Dpter_2.0_genomic.fna
Penaeus_vannamei	99.71081794871792	99.82849999999999	99.71529949238571	98.2432057581949	arthropoda	1066.4576923076922	832.0	980	236	776	.79183673469387755102	47733099	19293647	.40419849966162892545	GCF_003789085.1_ASM378908v1_cds_from_genomic.fna	GCA_003730335.1_ASM373033v1_genomic.fna
Mercenaria_mercenaria	99.30115530225932	99.617	99.29796860986548	96.15051192701463	mollusca	494.5497659271321	263.0	5113	236	4843	.94719342851554860160	104650956	81944948	.78303105038046666291	GCF_014805675.1_ASM1480567v1.1_cds_from_genomic.fna	GCA_021730395.1_MADL_Memer_1_genomic.fna
Caenorhabditis_briggsae	99.93376266837706	100.0	99.9533243243243	95.20553010424742	nematoda	540.5994227068634	416.5	3129	223	3107	.99296899968040907638	26213873	60433528	2.30540248669092125379	GCF_000004555.2_CB4_cds_from_genomic.fna	GCA_021491975.1_ASM2149197v1_genomic.fna
Echinococcus_granulosus	99.955078184111	100.0	99.94594618834081	98.91388438010118	metazoa	457.14249684741486	366.0	794	223	770	.96977329974811083123	15867690	17224831	1.08552858040458314978	GCF_000524195.1_ASM52419v1_cds_from_genomic.fna	GCA_021556725.1_ASM2155672v1_genomic.fna
Opisthorchis_viverrini	99.72469855832233	100.0	99.79923181818184	99.57827154953105	metazoa	460.6173001310616	361.0	777	221	745	.95881595881595881595	21273905	16277334	.76513146035013317959	GCF_000715545.1_OpiViv1.0_cds_from_genomic.fna	GCA_001990785.1_O_viverrini_1.0.pg.lrna_genomic.fna
Hydra_vulgaris	99.91115172413792	100.0	99.90557692307691	98.76022009813929	metazoa	417.24827586206897	249.0	896	242	867	.96763392857142857142	28509519	26104296	.91563438864050985918	GCF_000004095.1_Hydra_RP_1.0_cds_from_genomic.fna	GCA_000219015.1_h7_genomic.fna
