Juglans_microcarpa_x_Juglans_regia	98.39596098202547	98.54	98.72502448979594	96.6307001102516	eudicots	627.4686540990793	386.0	2313	255	2277	.98443579766536964980	61716056	45150993	.73159232663863031040	GCF_004785595.1_Jm3101_v1.0_cds_from_genomic.fna	GCA_004785585.1_JrSerr_v1.0_genomic.fna
Tripterygium_wilfordii	99.18640722996506	99.359	99.36697142857143	97.90540048385111	eudicots	652.2447735191638	391.0	2318	255	2295	.99007765314926660914	68193915	47378499	.69476138743464134593	GCF_013401445.1_ASM1340144v1_cds_from_genomic.fna	GCA_016880815.1_ASM1688081v1_genomic.fna
Pyrus_x_bretschneideri	99.22203695255463	99.4915	99.11075416666672	97.13643652417957	eudicots	652.5679744525547	402.0	2228	251	2161	.96992818671454219030	66466395	51615277	.77656200550669251732	GCF_000315295.1_Pbr_v1.0_cds_from_genomic.fna	GCA_019419815.1_Pyrus_bretschneideri_v1_genomic.fna
Nymphaea_colorata	99.98610486418191	100.0	99.99024390243902	98.30835929509497	embryophyta	619.5615919140872	373.0	1600	255	1576	.98500000000000000000	49237043	34922575	.70927441763714364406	GCF_008831285.1_ASM883128v1_cds_from_genomic.fna	GCA_902499525.1_Nym_genomic.fna
Panicum_hallii	99.44961983471063	99.519	99.54964777327935	98.0705224619351	poales	652.4537190082644	442.0	4888	255	4829	.98792962356792144026	53073156	39640776	.74690821099841886169	GCF_002211085.1_PHallii_v3.1_cds_from_genomic.fna	GCA_003061485.1_PhalliiHAL_v2.1_genomic.fna
Vigna_radiata	99.77112752692229	100.0	99.7786129032258	98.57531439258905	fabales	650.0580011335726	447.0	5341	255	5274	.98745553267178431005	60329739	39798773	.65968747187850423155	GCF_000741045.1_Vradiata_ver6_cds_from_genomic.fna	GCA_001584445.1_ASM158444v1_genomic.fna
Arachis_ipaensis	99.96483649829088	100.0	99.9105387755102	94.90123838503516	fabales	618.1484998101025	438.0	5331	255	5222	.97955355468017257550	72686121	109078411	1.50067728885958847631	GCF_000816755.2_Araip1.1_cds_from_genomic.fna	GCA_013265535.1_ASM1326553v1_genomic.fna
Hibiscus_syriacus	99.61803203159273	100.0	99.65150204081635	99.21765701162614	eudicots	634.3426941641071	392.0	2307	255	2263	.98092761161681837884	99310913	71491586	.71987643492916030285	GCF_006381635.1_ASM638163v2_cds_from_genomic.fna	GCA_001696755.1_ASM169675v1_genomic.fna
Zingiber_officinale	99.52488655862733	99.69	99.57119512195123	96.33548881955916	liliopsida	576.6196377502383	368.0	3225	254	3145	.97519379844961240310	138911558	67696498	.48733524391109341671	GCF_018446385.1_Zo_v1.1_cds_from_genomic.fna	GCA_011317585.1_ASM1131758v1_genomic.fna
Camelina_sativa	99.72780652269725	100.0	99.68651428571428	98.94834014165966	brassicales	652.74548259145	454.0	4595	255	4535	.98694232861806311207	137768985	87266159	.63342383628651978527	GCF_000633955.1_Cs_cds_from_genomic.fna	GCA_000496875.1_CamelinaSativa_genomic.fna
Erigeron_canadensis	99.72750916496928	100.0	99.7280776699029	98.94100961076462	eudicots	591.9684317718941	369.0	2319	255	1957	.84389823199655023717	47425801	27102763	.57147717968959554315	GCF_010389155.1_C_canadensis_v1_cds_from_genomic.fna	GCA_000775935.1_ASM77593v1_genomic.fna
Eucalyptus_grandis	99.46523629986864	99.674	99.59145267489711	93.32816773291142	eudicots	629.4375274002631	384.0	2313	255	2275	.98357111975789018590	62013076	103838166	1.67445598086442285172	GCF_016545825.1_ASM1654582v1_cds_from_genomic.fna	GCA_000612305.1_Egrandis1_0_genomic.fna
Nicotiana_attenuata	99.88429259634906	100.0	99.84066666666665	99.36385092821357	solanales	613.0005070993915	436.0	5948	255	5909	.99344317417619367854	57244754	32086920	.56052158071986823456	GCF_001879085.1_NIATTr2_cds_from_genomic.fna	GCA_002018495.1_NIATT_ARIZONA_genomic.fna
Gossypium_arboreum	99.92989216110864	100.0	99.89937448559671	99.56461836930195	eudicots	663.8605456907752	400.0	2325	254	2307	.99225806451612903225	65202192	41027245	.62923106940944562109	GCF_000612285.1_Gossypium_arboreum_v1.0_cds_from_genomic.fna	GCA_000787975.1_arboreum_v1.0_genomic.fna
Musa_acuminata	99.98377763858439	100.0	99.97816599190286	98.67563648804975	liliopsida	603.2220482305042	376.0	3227	255	3192	.98915401301518438177	66613320	46657024	.70041583274936604270	GCF_000313855.2_ASM31385v2_cds_from_genomic.fna	GCA_904845865.1_assembly_for_Musa_acuminata_subsp._malaccensis_genomic.fna
Setaria_viridis	99.83746239669419	100.0	99.80647389558234	98.17933410834203	poales	664.2324380165289	454.0	4887	255	4830	.98833640270104358502	55824462	42977045	.76986044218393004844	GCF_005286985.1_Setaria_viridis_v2.0_cds_from_genomic.fna	GCA_012934335.1_ASM1293433v1_genomic.fna
Setaria_italica	99.84449522623493	100.0	99.83773577235773	97.72514278277606	poales	660.6957243669573	456.0	4890	255	4810	.98364008179959100204	50756881	46090901	.90807197156184596921	GCF_000263155.2_Setaria_italica_v2.0_cds_from_genomic.fna	GCA_001652605.1_ASM165260v1_genomic.fna
Ricinus_communis	99.90779582971325	100.0	99.8595040650407	99.00295570816606	eudicots	654.1472632493484	398.0	2317	254	2299	.99223133362106171773	39956243	29315287	.73368477111324005112	GCF_000151685.1_JCVI_RCG_1.1_cds_from_genomic.fna	GCA_019578655.1_ASM1957865v1_genomic.fna
Carica_papaya	99.96995578383205	100.0	99.96562240663901	98.90171170996356	brassicales	655.6357748995088	449.0	4527	249	4330	.95648332228849127457	32454586	24609231	.75826667454639538461	GCF_000150535.2_Papaya1.0_cds_from_genomic.fna	GCA_021527605.1_sunup_genomic.fna
Theobroma_cacao	99.6133397129185	99.714	99.68676229508198	97.35871556949853	eudicots	666.9317094388865	402.0	2322	255	2298	.98966408268733850129	44785159	39382245	.87935927613877624058	GCF_000208745.1_Criollo_cocoa_genome_V2_cds_from_genomic.fna	GCA_000403535.1_Theobroma_cacao_20110822_genomic.fna
Papaver_somniferum	99.92656352201259	100.0	99.59666530612245	95.76701855359357	embryophyta	632.0477987421384	383.0	1610	255	1583	.98322981366459627329	107978186	154174096	1.42782632040141885695	GCF_003573695.1_ASM357369v1_cds_from_genomic.fna	GCA_010119995.1_ASM1011999v1_genomic.fna
