Blastocystis_sp._subtype_4	99.9605806451613	100.0	99.95916489361703	99.79235536434504	stramenopiles	599.483870967742	422.0	98	197	93	.94897959183673469387	7148208	6119774	.85612701812817981793	GCF_000743755.1_ASM74375v1_cds_from_genomic.fna	GCA_000963395.1_ASM96339v1_genomic.fna
Plasmodium_gaboni	99.34779364108823	99.531	99.42539189189188	98.90719498697926	plasmodium	776.1290125343932	690.0	3606	165	3269	.90654464780920687742	11352669	4079172	.35931391992490928785	GCF_001602025.1_ASM160202v1_cds_from_genomic.fna	GCA_000576715.1_PGAB1_genomic.fna
Plasmodium_coatneyi	99.99327325581392	100.0	99.99585714285715	99.19339741267784	plasmodium	1728.9919712070875	1174.0	3626	176	3564	.98290126861555432984	11591459	11385006	.98218921362703349077	GCF_001680005.1_ASM168000v1_cds_from_genomic.fna	GCA_000725905.1_ASM72590v1_genomic.fna
Aphanomyces_invadans	99.73329292929294	99.75	99.69856722689083	99.55350043590636	stramenopiles	911.3434343434343	622.0	100	242	99	.99000000000000000000	30915762	21034730	.68038853449576950424	GCF_000520115.1_Apha_inva_NJM9701_V1_cds_from_genomic.fna	GCA_003546525.1_inv_NJM0002_genomic.fna
Phytophthora_sojae	99.99531958762887	100.0	99.99462280701754	97.8515324813523	stramenopiles	1225.4536082474226	1025.0	100	236	97	.97000000000000000000	30137204	48265987	1.60154163604559998332	GCF_000149755.1_P.sojae_V3.0_cds_from_genomic.fna	GCA_009848525.1_Psojae2019.1_genomic.fna
Blastocystis_hominis	85.51988888888889	84.65	83.2867	86.34773880597018	stramenopiles	613.7777777777778	630.0	96	177	9	.09375000000000000000	6486690	149510	.02304873517926708382	GCF_000151665.1_ASM15166v1_cds_from_genomic.fna	GCA_003575125.1_ASM357512v1_genomic.fna
Theileria_equi	85.93603837471791	85.47	85.80817187500001	85.19625271912993	aconoidasida	767.6659142212189	525.0	1115	163	442	.39641255605381165919	7851043	1062535	.13533679537865223767	GCF_000342415.1_JCVI-bewag-v1.1_cds_from_genomic.fna	GCA_002189625.1_ASM218962v1_genomic.fna
Plasmodium_cynomolgi	99.97698352415522	100.0	99.98255421686747	98.86704336290549	plasmodium	1365.7361072326166	932.0	3598	168	3569	.99193996664813785436	9870507	9916451	1.00465467478013034183	GCF_000321355.1_PcynB_1.0_cds_from_genomic.fna	GCA_900180395.1_PcyM_genomic.fna
Eimeria_tenella	99.97745773195874	100.0	99.9704527027027	98.88005928670778	coccidia	489.83917525773194	349.0	491	151	482	.98167006109979633401	13067641	15027865	1.15000595746393706408	GCF_000499545.2_ETH001_cds_from_genomic.fna	GCA_905310635.1_pEimTen1.1_genomic.fna
Dictyostelium_purpureum	96.4301398305085	96.53999999999999	96.4301398305085	93.99653171376272	eukaryota	857.4830508474577	706.5	239	239	236	.98744769874476987447	17961535	14188889	.78995971112713918938	GCF_000190715.1_v1.0_cds_from_genomic.fna	GCA_003640415.1_KYO_Dpur_P1Ba_4_genomic.fna
Trichomonas_vaginalis	99.89592207792204	99.941	99.89592207792204	94.64320328677067	eukaryota	1256.1363636363637	1168.5	162	162	152	.93827160493827160493	54929169	88293935	1.60741435939072735653	GCF_000002825.2_ASM282v1_cds_from_genomic.fna	GCA_002891335.1_ASM289133v1_genomic.fna
Trypanosoma_rangeli	94.66170542635663	94.928	95.02145121951219	93.2891871931051	euglenozoa	1890.84496124031	1608.0	130	179	129	.99230769230769230769	13604776	9666064	.71049049245647263872	GCF_003719475.1_ASM371947v1_cds_from_genomic.fna	GCA_000492115.1_T_rangeli_SC58v1_genomic.fna
Leishmania_panamensis	99.90427131782951	99.939	99.9105085714286	99.68698011815508	euglenozoa	2406.5736434108526	2076.0	129	175	129	1.00000000000000000000	14549876	14674734	1.00858137897532597528	GCF_000755165.1_ASM75516v1_cds_from_genomic.fna	GCA_000340495.1_Leishmania_panamensis_L13-1.3.1_genomic.fna
Leishmania_mexicana	99.8981153846154	99.9185	99.9062807017544	95.82136008711497	euglenozoa	2396.976923076923	2068.5	130	171	130	1.00000000000000000000	15412767	51410482	3.33557770645595304204	GCF_000234665.1_ASM23466v4_cds_from_genomic.fna	GCA_003992435.1_ASM399243v1_genomic.fna
