Arvicola_amphibius	99.60969623241034	100.0	99.16238659793815	98.54178564027848	glires	473.23976395823877	274.0	13762	248	10969	.79704984740590030518	77337302	26538163	.34314829084676370013	GCF_903992535.2_mArvAmp1.2_cds_from_genomic.fna	GCA_903992525.1_mArvAmp1.1_alternate_haplotype_genomic.fna
Fukomys_damarensis	99.6099986019132	100.0	98.69042386831273	99.03084643684134	glires	533.9295805739514	310.0	13747	247	13414	.97577653306175892922	91294619	39879144	.43681812177780160296	GCF_012274545.1_DMR_v1.0_HiC_cds_from_genomic.fna	GCA_000743615.1_DMR_v1.0_genomic.fna
Galeopterus_variegatus	99.32848124253341	99.703	98.39222083333334	98.32232994163438	euarchontoglires	539.8987654320988	318.0	12656	244	12414	.98087863463969658659	50283739	36642886	.72872238080783928975	GCF_000696425.1_G_variegatus-3.0.2_cds_from_genomic.fna	GCA_004027255.2_GalVar_v2_BIUU_UCD_genomic.fna
Neogale_vison	99.77066906827095	100.0	99.45666115702478	99.44244871996125	carnivora	536.0687604924454	303.0	14478	247	14249	.98418289819035778422	92447686	33588913	.36332886687937218893	GCF_020171115.1_ASM_NN_V1_cds_from_genomic.fna	GCA_900108605.1_NNQGG.v01_genomic.fna
Camelus_ferus	99.74346692607013	100.0	99.52227196652719	99.29702016232464	cetartiodactyla	495.61326009002823	281.0	13315	246	13045	.97972211791212917761	112546861	31740657	.28202169938795538686	GCF_009834535.1_BCGSAC_Cfer_1.0_cds_from_genomic.fna	GCA_000311805.2_CB1_genomic.fna
Neophocaena_asiaeorientalis	99.62308761948091	100.0	99.25414049586776	99.49033225080474	cetartiodactyla	542.3042027006524	320.0	13309	245	13102	.98444661507250732586	72369031	30189479	.41716019384037351557	GCF_003031525.2_Neophocaena_asiaeorientalis_V1_cds_from_genomic.fna	GCA_020395145.1_ASM2039514v1_genomic.fna
Chrysochloris_asiatica	99.17239052360188	100.0	97.77898775510207	99.1078445750186	eutheria	586.788158947462	376.0	11325	247	11179	.98710816777041942604	43851536	19318922	.44055291472572363257	GCF_000296735.1_ChrAsi1.0_cds_from_genomic.fna	GCA_004027935.1_ChrAsi_v1_BIUU_genomic.fna
Manis_pentadactyla	99.59300874437592	99.878	99.21496638655456	99.28291665023956	laurasiatheria	499.71050174038544	281.0	12181	247	11701	.96059436827846646416	121687786	28121142	.23109256010295067739	GCF_014570555.1_YNU_ManPten_2.0_cds_from_genomic.fna	GCA_000738955.1_M_pentadactyla-1.1.1_genomic.fna
Hyaena_hyaena	99.77737271075097	100.0	99.49703703703702	99.70670050317048	carnivora	538.7539493918636	306.0	14478	246	14242	.98369940599530321867	76956408	25655918	.33338247803873590357	GCF_003009895.1_ASM300989v1_cds_from_genomic.fna	GCA_004023945.1_HyaHya_v1_BIUU_genomic.fna
Microtus_ochrogaster	99.5381421141311	99.774	99.35990534979426	98.9796989271574	glires	559.1365467731301	327.0	13779	246	13606	.98744466216706582480	75784398	35960070	.47450492382350256315	GCF_000317375.1_MicOch1.0_cds_from_genomic.fna	GCA_020004485.1_ASM2000448v1_genomic.fna
Bos_mutus	99.67666318181833	100.0	99.29494672131148	98.56614634622679	cetartiodactyla	515.4608333333333	302.0	13323	247	13110	.98401260977257374465	45863507	35720081	.77883448816942847392	GCF_000298355.1_BosGru_v2.0_cds_from_genomic.fna	GCA_007646595.3_ASM764659v3_genomic.fna
Nomascus_leucogenys	99.57809107656041	100.0	98.62177499999999	97.59925695258464	primates	552.9027337705401	336.0	13761	246	13519	.98241406874500399680	100910163	52821219	.52344796034072405571	GCF_006542625.1_Asia_NLE_v1_cds_from_genomic.fna	GCA_000146795.3_Nleu_3.0_genomic.fna
Rhinopithecus_roxellana	99.62230299919366	100.0	98.55472614107887	98.83912768562708	primates	588.2293026325439	355.0	13767	246	13608	.98845064284157768577	102249144	40218653	.39333975255577689726	GCF_007565055.1_ASM756505v1_cds_from_genomic.fna	GCA_000769185.1_Rrox_v1_genomic.fna
Lynx_canadensis	99.55773668880362	100.0	99.00386131386858	98.931944036226	carnivora	416.35418851217526	248.0	14442	246	8506	.58897659603932973272	83215243	15466327	.18585930224346037179	GCF_007474595.2_mLynCan4.pri.v2_cds_from_genomic.fna	GCA_007474575.2_mLynCan4.alt.v2_genomic.fna
Trachypithecus_francoisi	99.66020685807798	100.0	98.6752008196721	98.71035885643053	primates	580.697337102053	347.0	13748	245	13397	.97446901367471632237	124020925	42584268	.34336357352599974560	GCF_009764315.1_Tfra_2.0_cds_from_genomic.fna	GCA_009764325.1_Trachy_franco_1.0_genomic.fna
Myotis_myotis	99.6308289823745	100.0	98.95939094650207	99.40790999302557	laurasiatheria	581.3145161290323	343.0	12216	249	11990	.98149967256057629338	130534531	26831807	.20555332596246122797	GCF_014108235.1_mMyoMyo1.p_cds_from_genomic.fna	GCA_004026985.1_MyoMyo_v1_BIUU_genomic.fna
Phocoena_sinus	99.43579237157799	100.0	99.07763063063064	99.27349881195379	cetartiodactyla	460.02783758843435	266.0	13299	245	6483	.48748026167381006090	103092314	14037970	.13616892914053709183	GCF_008692025.1_mPhoSin1.pri_cds_from_genomic.fna	GCA_008692045.1_mPhoSin1.alt_genomic.fna
Onychomys_torridus	99.63988995671632	100.0	99.23770081967213	99.35871423357574	glires	558.6042843518451	326.0	13766	247	13507	.98118552956559639691	87331112	25874413	.29627944048164644920	GCF_903995425.1_mOncTor1.1_cds_from_genomic.fna	GCA_004026725.1_OnyTor_v1_BIUU_genomic.fna
Phascolarctos_cinereus	99.46840949554903	100.0	98.46660905349792	99.21506644441374	mammalia	575.1263875151116	347.0	9188	246	9051	.98508924684370918589	89048339	33257996	.37348249696156600967	GCF_002099425.1_phaCin_unsw_v4.1_cds_from_genomic.fna	GCA_900166895.1_phaCin_tgac_v2.0_genomic.fna
Suricata_suricatta	99.62511322076641	100.0	99.28802092050209	99.58465080006114	carnivora	532.6656624395712	307.0	14447	243	14138	.97861147643109296047	80725812	28853541	.35742645735170802617	GCF_006229205.1_meerkat_22Aug2017_6uvM2_HiC_cds_from_genomic.fna	GCA_004023905.1_SurSur_v1_BIUU_genomic.fna
Mustela_erminea	99.61647882672874	100.0	99.23373372781063	98.94992786192297	carnivora	513.7091103341103	293.0	14476	248	10253	.70827576678640508427	130055017	28802924	.22146722721200367072	GCF_009829155.1_mMusErm1.Pri_cds_from_genomic.fna	GCA_009829165.1_mMusErm1.alt_genomic.fna
Enhydra_lutris	99.79796897759125	100.0	99.32274390243903	99.59667424854457	carnivora	537.8957983193277	308.5	14487	250	14225	.98191482018361289431	67283821	30882774	.45899257118587245513	GCF_002288905.1_ASM228890v2_cds_from_genomic.fna	GCA_006410715.1_ASM641071v1_genomic.fna
Dromiciops_gliroides	99.46537918261511	100.0	98.19588073394493	97.60954518073555	mammalia	529.1216199530807	319.0	9178	248	8053	.87742427544127260841	83785606	37754928	.45061353378526617089	GCF_019393635.1_mDroGli1.pri_cds_from_genomic.fna	GCA_019395325.1_mDroGli1.alt_genomic.fna
Acinonyx_jubatus	99.67295751565062	100.0	99.29251867219917	99.52698112548671	carnivora	463.4269536470423	267.0	14486	247	14175	.97853099544387684661	121334684	30753175	.25345741206199539778	GCF_003709585.1_Aci_jub_2_cds_from_genomic.fna	GCA_001443585.1_aciJub1_genomic.fna
Vicugna_pacos	99.64130979498867	100.0	99.3970785123967	99.52417362427069	cetartiodactyla	512.6716780561883	294.0	13308	245	13091	.98369401863540727382	85446599	31432601	.36786251726648593702	GCF_000164845.3_VicPac3.1_cds_from_genomic.fna	GCA_000767525.1_Vi_pacos_V1.0_genomic.fna
Ursus_maritimus	99.73521197059848	100.0	99.19890612244896	99.01480177686072	carnivora	480.40091004550226	275.0	14485	247	14232	.98253365550569554711	71125358	35444672	.49834085896622130183	GCF_017311325.1_ASM1731132v1_cds_from_genomic.fna	GCA_000687225.1_UrsMar_1.0_genomic.fna
Elephantulus_edwardii	99.3875476953193	100.0	98.5146163265306	99.37742208621748	eutheria	629.6236874888771	418.5	11303	246	11118	.98363266389454127222	42109043	21729383	.51602652190409551696	GCF_000299155.1_EleEdw1.0_cds_from_genomic.fna	GCA_004027355.1_EleEdw_v1_BIUU_genomic.fna
Saimiri_boliviensis	99.59794610117132	100.0	98.79376639344264	98.99897065729485	primates	577.0931448346955	346.0	13753	247	13550	.98523958409074383770	85579659	36528721	.42683882393128021227	GCF_016699345.1_BCM_Sbol_2.0_cds_from_genomic.fna	GCA_000235385.1_SaiBol1.0_genomic.fna
Rattus_rattus	99.57671919221731	100.0	98.83128512396691	98.59911153902921	glires	555.1533755896227	326.0	13732	243	13378	.97422079813574133411	62572896	37390999	.59755902939189517454	GCF_011064425.1_Rrattus_CSIRO_v1_cds_from_genomic.fna	GCA_011800105.1_ASM1180010v1_genomic.fna
Peromyscus_maniculatus	99.76358334556116	100.0	99.27561410788384	98.86376340083832	glires	567.8148936170213	328.0	13790	247	13583	.98498912255257432922	108855959	42427310	.38975643033010255322	GCF_003704035.1_HU_Pman_2.1.3_cds_from_genomic.fna	GCA_000500345.1_Pman_1.0_genomic.fna
Mesocricetus_auratus	99.79211941068137	100.0	99.32945714285715	99.20509344118597	glires	551.9809944751381	314.0	13789	248	13561	.98346508086155631300	109773973	35436790	.32281595565462498109	GCF_017639785.1_BCM_Maur_2.0_cds_from_genomic.fna	GCA_000349665.1_MesAur1.0_genomic.fna
Manis_javanica	99.70505808542495	100.0	99.367825	99.56677204431348	laurasiatheria	535.6226524846269	304.0	12190	246	11924	.97817883511074651353	107482128	30380663	.28265781079436759942	GCF_014570535.1_YNU_ManJav_2.0_cds_from_genomic.fna	GCA_001685135.1_ManJav1.0_genomic.fna
Bos_indicus	99.51930156657963	99.865	99.20003333333332	97.64677176833405	cetartiodactyla	533.4972354477039	308.0	13177	243	12689	.96296577369659254762	65559420	45641695	.69618820605795475310	GCF_000247795.1_Bos_indicus_1.0_cds_from_genomic.fna	GCA_002933975.1_ASM293397v1_genomic.fna
Odocoileus_virginianus	99.53476049813938	99.806	99.26917622950815	98.9214117881695	cetartiodactyla	514.6428734148378	315.0	13318	247	13064	.98092806727736897432	87293816	36628134	.41959597687882037371	GCF_002102435.1_Ovir.te_1.0_cds_from_genomic.fna	GCA_014726795.1_Odo_v1_genomic.fna
Camelus_bactrianus	99.68876848373819	100.0	99.52487906976742	99.51607754186008	cetartiodactyla	318.1396243701328	209.0	13300	245	10823	.81375939849624060150	76164986	7215627	.09473679940018632708	GCF_000767855.1_Ca_bactrianus_MBC_1.0_cds_from_genomic.fna	GCA_000604445.1_CB1_genomic.fna
Orycteropus_afer	99.69517356250554	100.0	99.21574693877548	99.40204669339298	eutheria	562.6871622220253	328.0	11345	248	11224	.98933450859409431467	44218433	22262047	.50345626223344459085	GCF_000298275.1_OryAfe1.0_cds_from_genomic.fna	GCA_004365145.1_OryAfe_v1_BIUU_genomic.fna
Balaenoptera_musculus	99.53420163963037	100.0	99.21831018518513	99.4609551010007	cetartiodactyla	510.061137275423	302.0	13307	246	11431	.85902156759600210415	103984147	26932257	.25900349021471513345	GCF_009873245.2_mBalMus1.pri.v3_cds_from_genomic.fna	GCA_008658375.2_mBalMus1.alt.v2_genomic.fna
Mirounga_angustirostris	99.72657045852289	100.0	99.02309917355372	99.7083531462637	carnivora	551.7694784739236	320.0	14462	247	14136	.97745816622873738072	81407401	26186294	.32166969683751481023	GCF_021288785.1_ASM2128878v2_cds_from_genomic.fna	GCA_004023865.1_MirAng_v1_BIUU_genomic.fna
Puma_concolor	99.73187874283312	100.0	99.3003823529412	99.55716441740222	carnivora	503.3769377787216	281.0	14274	242	13525	.94752697211713605156	40046497	23608205	.58951985238559067975	GCF_003327715.1_PumCon1.0_cds_from_genomic.fna	GCA_004123975.1_Pco_k61_genomic.fna
Meles_meles	99.81089267235352	100.0	99.43563636363636	98.71957877085592	carnivora	557.6625646762691	321.0	14485	247	14262	.98460476354849844666	104306128	51810855	.49671918604820610348	GCF_922984935.1_mMelMel3.1_paternal_haplotype_cds_from_genomic.fna	GCA_922990625.1_mMelMel3.1_maternal_haplotype_uncurated_genomic.fna
Ailuropoda_melanoleuca	99.74039485129077	100.0	99.26801659751033	99.55206932449947	carnivora	511.4500561167228	288.0	14490	246	14173	.97812284334023464458	107833662	34000302	.31530323063683026919	GCF_002007445.1_ASM200744v2_cds_from_genomic.fna	GCA_000004335.1_AilMel_1.0_genomic.fna
Ursus_americanus	99.72091397999868	100.0	99.12095867768596	99.34476617764263	carnivora	529.6832645639555	299.0	14477	247	14234	.98321475443807418664	92588718	31995424	.34556503957642009904	GCF_020975775.1_gsc_jax_bbear_1.0_cds_from_genomic.fna	GCA_003344425.1_ASM334442v1_genomic.fna
Pongo_abelii	99.56471908710635	100.0	98.64145081967213	97.57049531091438	primates	555.0759521538123	338.0	13771	247	13588	.98671120470554062885	91466345	48193715	.52690106945893596163	GCF_002880775.1_Susie_PABv2_cds_from_genomic.fna	GCA_000001545.3_P_pygmaeus_2.0.2_genomic.fna
Pan_paniscus	99.59885518360133	100.0	98.58882716049385	97.37814968149677	primates	569.9286978321782	342.0	13755	246	13527	.98342420937840785169	136851015	54149858	.39568473788813331052	GCF_013052645.1_Mhudiblu_PPA_v0_cds_from_genomic.fna	GCA_000258655.2_panpan1.1_genomic.fna
Papio_anubis	99.60100574755023	100.0	98.78387447698745	98.55612955571097	primates	586.0976346621472	355.0	13725	244	13474	.98171220400728597449	156297545	47071211	.30116410977536467383	GCF_008728515.1_Panubis1.0_cds_from_genomic.fna	GCA_000264685.2_Panu_3.0_genomic.fna
Sapajus_apella	99.45809448206093	100.0	98.40075000000003	98.86433911338632	primates	552.830181337069	325.0	13761	248	12837	.93285371702637889688	134463120	33868500	.25187947446110130420	GCF_009761245.1_GSC_monkey_1.0_cds_from_genomic.fna	GCA_022120495.1_Sape_Mango_1.1_genomic.fna
Erinaceus_europaeus	99.69508731880899	100.0	99.37327234042547	99.04988913552678	laurasiatheria	427.6392674247027	262.0	12157	246	11353	.93386526281154890186	50936514	11806448	.23178751494458376166	GCF_000296755.1_EriEur2.0_cds_from_genomic.fna	GCA_000181395.1_ASM18139v1_genomic.fna
Trichosurus_vulpecula	99.13207787002575	99.963	97.85828640776695	96.59172793974783	mammalia	561.6568851989693	344.0	9169	247	6928	.75558948631257498091	63851021	37340907	.58481299774360695031	GCF_011100635.1_mTriVul1.pri_cds_from_genomic.fna	GCA_011100645.1_mTriVul1.alt_genomic.fna
