Melanotaenia_boesemani	99.84349531013619	100.0	99.85613333333337	98.38114582529923	actinopterygii	454.9812405446294	265.0	3638	245	3302	.90764156129741616272	96732037	47338148	.48937404264525102474	GCF_017639745.1_fMelBoe1.pri_cds_from_genomic.fna	GCA_017639755.1_fMelBoe1.alt_genomic.fna
Notolabrus_celidotus	99.70286033857293	100.0	99.72734101382491	98.61921453111137	actinopterygii	450.14419588875455	265.0	3600	240	3292	.91444444444444444444	78760495	40971440	.52020292660679697353	GCF_009762535.1_fNotCel1.pri_cds_from_genomic.fna	GCA_009762545.1_fNotCel1.alt_genomic.fna
Toxotes_jaculatrix	99.830850973751	100.0	99.80864166666672	98.52594922296194	actinopterygii	465.9475021168501	268.0	3636	246	3541	.97387238723872387238	82041840	46084145	.56171515655914104315	GCF_017976425.1_fToxJac2.pri_cds_from_genomic.fna	GCA_017976295.1_fToxJac2.alt_genomic.fna
Myripristis_murdjan	99.54003132938172	99.674	99.5331028806584	98.20374382024822	actinopterygii	459.7493649449619	265.0	3636	249	3541	.97387238723872387238	78303817	53854373	.68776178561001694208	GCF_902150065.1_fMyrMur1.1_cds_from_genomic.fna	GCA_902148815.1_fMyrMur1.1_alternate_haplotype_genomic.fna
Gouania_willdenowi	99.75918766666663	100.0	99.79012871287131	98.26263040355425	actinopterygii	422.021	254.0	3625	248	2989	.82455172413793103448	98249882	37509884	.38178044834700157706	GCF_900634775.1_fGouWil2.1_cds_from_genomic.fna	GCA_900650505.1_fGouWil2.1_alternate_haplotype_genomic.fna
Thalassophryne_amazonica	99.85585274431045	100.0	99.81821578947368	98.79655018678717	actinopterygii	361.2392904953146	234.0	3626	244	2975	.82046332046332046332	73651544	27442208	.37259514885390590046	GCF_902500255.1_fThaAma1.1_cds_from_genomic.fna	GCA_902500245.1_fThaAma1.1_alternate_haplotype_genomic.fna
Sphaeramia_orbicularis	99.87872710733785	100.0	99.86297641509431	98.39762567140869	actinopterygii	434.91237113402065	257.0	3630	245	3292	.90688705234159779614	89843594	43915685	.48880151655553761573	GCF_902148855.1_fSphaOr1.1_cds_from_genomic.fna	GCA_902148825.1_fSphaOr1.1_alternate_haplotype_genomic.fna
Epinephelus_lanceolatus	99.91316914446008	100.0	99.83759583333332	97.9808496229677	actinopterygii	471.5279102384292	269.0	3637	246	3562	.97937860874346989276	95933956	59075550	.61579395308163878908	GCF_005281545.1_ASM528154v1_cds_from_genomic.fna	GCA_017165655.1_SYSU_Elan_1.1_genomic.fna
Seriola_lalandi	99.68652740492143	99.782	99.70177637130806	99.44903767429014	actinopterygii	462.0494966442953	267.0	3640	244	3569	.98049450549450549450	72810898	36097402	.49576921850352676600	GCF_002814215.1_Sedor1_cds_from_genomic.fna	GCA_003054885.1_wag_ytk_001_genomic.fna
Denticeps_clupeoides	99.83934783960214	100.0	99.84723963133638	98.27790247839796	actinopterygii	450.9160708734846	262.0	3626	245	3204	.88361831218974076116	115567600	44355189	.38380297765117558900	GCF_900700375.1_fDenClu1.1_cds_from_genomic.fna	GCA_900700345.2_fDenClu1.1_alternate_haplotype_genomic.fna
Parambassis_ranga	99.81601257485023	100.0	99.84529955947134	98.69261962142922	actinopterygii	455.2383233532934	267.0	3637	246	3336	.91723948309045916964	90776787	41169453	.45352401600202042841	GCF_900634625.1_fParRan2.1_cds_from_genomic.fna	GCA_900651595.1_fParRan2.1_alternate_haplotype_genomic.fna
Salarias_fasciatus	99.65123666569487	99.841	99.70256637168139	98.18056891917804	actinopterygii	443.237248615564	263.0	3622	244	3419	.94395361678630590833	81622268	49234321	.60319716918427211554	GCF_902148845.1_fSalaFa1.1_cds_from_genomic.fna	GCA_902148835.1_fSalaFa1.1_alternate_haplotype_genomic.fna
Echeneis_naucrates	99.82240325342445	100.0	99.83585106382978	98.66723643237059	actinopterygii	458.30051369863014	266.0	3633	245	3497	.96256537296999724745	78857128	48413640	.61394120262660339341	GCF_900963305.1_fEcheNa1.1_cds_from_genomic.fna	GCA_900963505.1_fEcheNa1.1_alternate_haplotype_genomic.fna
Syngnathus_acus	99.87250624999987	100.0	99.85581578947367	97.56694520957019	actinopterygii	425.3548611111111	257.0	3620	248	2869	.79254143646408839779	98623846	29915263	.30332687492231848269	GCF_901709675.1_fSynAcu1.2_cds_from_genomic.fna	GCA_901709685.1_fSynAcu1.1_alternate_haplotype_genomic.fna
Plectropomus_leopardus	99.78820617925973	100.0	99.82564186046511	99.08470413370046	actinopterygii	461.73141633527075	268.0	3618	241	3263	.90187949143173023770	67522041	40121320	.59419590115766790876	GCF_008729295.1_YSFRI_Pleo_2.0_cds_from_genomic.fna	GCA_011397275.1_Pleo_1.0_genomic.fna
Siniperca_chuatsi	99.96112318435759	100.0	99.9587375	98.765195372107	actinopterygii	467.65698324022344	270.0	3627	244	3566	.98318169285911221395	139023495	56026487	.40300013317892777763	GCF_020085105.1_ASM2008510v1_cds_from_genomic.fna	GCA_011952085.1_sinChu7_genomic.fna
Megalops_cyprinoides	99.68016657207696	99.915	99.75711297071133	98.94822381836758	actinopterygii	470.63649262202046	267.0	3628	244	3517	.96940463065049614112	82756552	45637453	.55146634190365978514	GCF_013368585.1_fMegCyp1.pri_cds_from_genomic.fna	GCA_013368575.1_fMegCyp1.alt_genomic.fna
Chelmon_rostratus	99.8979382318502	100.0	99.91618421052631	99.14560075882659	actinopterygii	460.71779859484775	267.0	3637	244	3413	.93841077811383007973	70171486	39432414	.56194355068952081191	GCF_017976325.1_fCheRos1.pri_cds_from_genomic.fna	GCA_017976315.1_fCheRos1.alt_genomic.fna
Acanthochromis_polyacanthus	99.86332560737218	100.0	99.85830705394189	98.96747717432525	actinopterygii	457.53392907009214	265.0	3638	245	3573	.98213304013194062671	69762694	42833118	.61398314119004635916	GCF_002109545.1_ASM210954v1_cds_from_genomic.fna	GCA_021347895.1_KAUST_Apoly_ChrSc_genomic.fna
Scatophagus_argus	99.66596841811074	99.7705	99.77611570247936	98.98594678905387	actinopterygii	463.51816657350474	267.0	3637	245	3574	.98267803134451470992	111066834	45341159	.40823310944471506228	GCF_020382885.2_fScaArg1.pri_cds_from_genomic.fna	GCA_020382915.1_fScaArg1.alt_genomic.fna
Archocentrus_centrarchus	99.87078892733564	100.0	99.89882683982685	98.80033190633877	actinopterygii	455.31776239907725	266.0	3637	244	3460	.95133351663458894693	80566186	47509168	.58969116398286497017	GCF_007364275.1_fArcCen1_cds_from_genomic.fna	GCA_007364235.1_fArcCen1_v1.h_genomic.fna
Coregonus_clupeaformis	99.83832100840323	100.0	99.81406666666666	98.17311182587426	actinopterygii	461.54173669467787	271.0	3639	246	3568	.98048914536960703489	155373208	105104409	.67646417521352844822	GCF_020615455.1_ASM2061545v1_cds_from_genomic.fna	GCA_018398675.1_ASM1839867v1_genomic.fna
Cottoperca_gobio	99.93845643153526	100.0	99.92428426395936	99.46694738463466	actinopterygii	449.88094478135974	264.0	3579	236	3111	.86923721709974853310	76587275	31583981	.41239201943142643474	GCF_900634415.1_fCotGob3.1_cds_from_genomic.fna	GCA_900634435.1_fCotGob3.1_alternate_haplotype_genomic.fna
Polypterus_senegalus	99.90285540211211	100.0	99.71093684210526	97.98819504612972	actinopterygii	461.31681559707556	253.0	3603	239	1223	.33943935609214543436	86688892	16441899	.18966558022220424734	GCF_016835505.1_ASM1683550v1_cds_from_genomic.fna	GCA_016984135.1_BGI_Psen_1.0_genomic.fna
Pseudochaenichthys_georgianus	99.83742169728784	100.0	99.88013888888888	95.31460378410141	actinopterygii	350.6124234470691	229.0	3597	239	1139	.31665276619405059772	76062661	23682054	.31134927030754288230	GCF_902827115.1_fPseGeo1.1_cds_from_genomic.fna	GCA_902827155.1_fPseGeo1.1_alternate_haplotype_genomic.fna
Colossoma_macropomum	99.79482438074028	100.0	99.70748770491807	98.67471029862588	actinopterygii	459.93849151127193	270.0	3638	247	3589	.98653106102253985706	87832905	36676135	.41756714069744135184	GCF_904425465.1_Colossoma_macropomum_cds_from_genomic.fna	GCA_012026605.1_UP_Cma_genomic.fna
Trematomus_bernacchii	99.82522002902755	100.0	99.84663800904978	97.73931581343851	actinopterygii	438.56052249637156	261.0	3629	242	3437	.94709286304767153485	81607154	50837184	.62295009087070969292	GCF_902827165.1_fTreBer1.1_cds_from_genomic.fna	GCA_902827105.1_fTreBer1.1_alternate_haplotype_genomic.fna
Morone_saxatilis	99.98283741209563	100.0	99.96800436681222	99.76379139117803	actinopterygii	466.1949367088608	266.0	3590	232	3538	.98551532033426183844	66511617	28466191	.42798825654772458772	GCF_004916995.1_NCSU_SB_2.0_cds_from_genomic.fna	GCA_001663605.1_SBDraft1_genomic.fna
Oryzias_melastigma	99.63843227091631	99.9045	99.72127426160337	98.00778621702483	actinopterygii	437.87905520774046	259.0	3637	245	3506	.96398130327192741270	93548901	48772902	.52136264005923490218	GCF_002922805.2_ASM292280v2_cds_from_genomic.fna	GCA_014170095.1_ASM1417009v1_genomic.fna
Micropterus_salmoides	99.92444109436057	100.0	99.88918410041839	95.28459485957974	actinopterygii	462.1563372417644	267.0	3638	245	3580	.98405717427157778999	98089506	102469327	1.04465126983104594287	GCF_014851395.1_ASM1485139v1_cds_from_genomic.fna	GCA_019677235.1_HNU_Msal_1.0_genomic.fna
Erpetoichthys_calabaricus	99.86911650485423	100.0	99.8071834862385	98.25422274506042	actinopterygii	463.2211086752271	256.0	3619	243	3170	.87593257806023763470	66453518	34871058	.52474359596733464133	GCF_900747795.1_fErpCal1.1_cds_from_genomic.fna	GCA_900700845.3_fErpCal1.3_alternate_haplotype_genomic.fna
Hippoglossus_hippoglossus	99.86256142365075	100.0	99.89354978354977	99.44539737989648	actinopterygii	454.3134328358209	267.5	3635	245	3480	.95735900962861072902	110538678	43166137	.39050708567366799881	GCF_009819705.1_fHipHip1.pri_cds_from_genomic.fna	GCA_009819745.1_fHipHip1.alt_genomic.fna
Paralichthys_olivaceus	99.7108321269487	99.8605	99.7273827160494	99.62631802895052	actinopterygii	444.9838530066815	262.0	3628	246	3583	.98759647188533627342	68223152	34374387	.50385222600093293842	GCF_001970005.1_Flounder_ref_guided_V1.0_cds_from_genomic.fna	GCA_001904815.2_ParOli_1.1_genomic.fna
Thunnus_maccoyii	99.60564967975489	99.76	99.63352892561986	97.67236647455137	actinopterygii	467.82985240879975	269.0	3638	245	3587	.98598130841121495327	106091001	69060431	.65095465542831479175	GCF_910596095.1_fThuMac1.1_cds_from_genomic.fna	GCA_910596085.1_fThuMac1.1_alternate_haplotype_genomic.fna
Gymnodraco_acuticeps	99.83979994036967	100.0	99.83321719457011	98.67229827626129	actinopterygii	406.6478831246273	253.0	3593	238	3338	.92902866685221263568	93993441	40921790	.43536857002607235115	GCF_902827175.1_fGymAcu1.1_cds_from_genomic.fna	GCA_902827185.1_fGymAcu1.1_alternate_haplotype_genomic.fna
Perca_flavescens	99.92435959765295	100.0	99.9227366255144	98.13188183306217	actinopterygii	461.08521933500975	268.0	3634	246	3574	.98348926802421574023	88169350	56215228	.63758242518516922263	GCF_004354835.1_PFLA_1.0_cds_from_genomic.fna	GCA_013375545.1_MU_Pfla_1.0_genomic.fna
Oncorhynchus_gorbuscha	99.8488655297735	100.0	99.89416249999998	97.32875199639294	actinopterygii	457.92367906066534	271.0	3637	245	3567	.98075336816057189991	162766075	110580511	.67938304096845733977	GCF_021184085.1_OgorEven_v1.0_cds_from_genomic.fna	GCA_017355495.1_Ogor_1.0_genomic.fna
Ictalurus_punctatus	99.86950028296543	100.0	99.89490254237286	97.65644910647029	actinopterygii	470.98415393322017	267.0	3631	245	3527	.97135775268521068576	100482608	58386549	.58106124196139495105	GCF_001660625.1_IpCoco_1.2_cds_from_genomic.fna	GCA_004006655.3_ASM400665v3_genomic.fna
Polyodon_spathula	99.84737520891362	100.0	99.7182438016529	99.32990458796327	actinopterygii	479.03454038997216	267.0	3635	245	3577	.98404401650618982118	132474001	49469983	.37343163659713123633	GCF_017654505.1_ASM1765450v1_cds_from_genomic.fna	GCA_016984195.1_BGI_Pspa_1.1_genomic.fna
Aythya_fuligula	99.71576868236812	100.0	99.69261085972855	99.12288785683042	aves	544.7241247612985	282.0	8316	247	7830	.94155844155844155844	60551819	27910526	.46093621068592505866	GCF_009819795.1_bAytFul2.pri_cds_from_genomic.fna	GCA_009819845.1_bAytFul2.alt_genomic.fna
Calidris_pugnax	99.748791929229	100.0	99.76583057851236	99.70743891074876	aves	549.5729520116336	279.0	8329	247	8224	.98739344459118741745	61819380	23662056	.38276113412978260215	GCF_001431845.1_ASM143184v1_cds_from_genomic.fna	GCA_001458055.1_ruff_EG1_genomic.fna
Falco_naumanni	99.74775786559273	100.0	99.70154424778761	99.41559717434207	aves	552.6858796878932	286.0	8333	247	7927	.95127805112204488179	91072143	30270526	.33237963885400171158	GCF_017639655.2_bFalNau1.pat_cds_from_genomic.fna	GCA_017639645.1_bFalNau1.mat_genomic.fna
Falco_rusticolus	99.88210495563732	100.0	99.77056692913388	99.45283972831383	aves	426.3075091971435	240.0	8330	246	4605	.55282112845138055222	90875356	12293266	.13527612480549732316	GCF_015220075.1_bFalRus1.pri_cds_from_genomic.fna	GCA_015220155.1_bFalRus1.alt_genomic.fna
Coturnix_japonica	99.48975226216672	99.636	99.55437083333335	99.39572422260731	aves	544.7990951332844	277.0	8323	246	8146	.97873362970082902799	92467907	25349583	.27414466080647851151	GCF_001577835.2_Coturnix_japonica_2.1_cds_from_genomic.fna	GCA_000511605.2_Coja_2.0a_genomic.fna
Meleagris_gallopavo	99.87276607403801	100.0	99.85501680672267	99.13373152249719	aves	539.2804432537749	275.0	8308	241	8131	.97869523350987000481	49902370	28035065	.56179826729672358246	GCF_000146605.3_Turkey_5.1_cds_from_genomic.fna	GCA_905368555.1_MGAL_WU_HG_1.0_genomic.fna
Phasianus_colchicus	99.76244986582103	99.944	99.7621458333333	99.20627681066814	aves	537.8082459136375	288.0	8318	246	8169	.98208704015388314498	57648558	28725249	.49828217732696800499	GCF_004143745.1_ASM414374v1_cds_from_genomic.fna	GCA_015227605.1_ASM1522760v1_genomic.fna
Numida_meleagris	99.84945295404808	100.0	99.86431380753137	99.53340071370137	aves	550.1907366885486	288.0	8327	247	8206	.98546895640686922060	93553288	29419543	.31446829533131962181	GCF_002078875.1_NumMel1.0_cds_from_genomic.fna	GCA_014595935.1_HGFv1_genomic.fna
Columba_livia	99.96300500065801	100.0	99.96986699507389	99.7518388942682	aves	530.079615738913	274.0	8318	242	7571	.91019475835537388795	61635770	22913606	.37175825012001959251	GCF_000337935.1_Cliv_1.0_cds_from_genomic.fna	GCA_001887795.1_colLiv2_genomic.fna
Cygnus_olor	99.88800078064013	100.0	99.81060326086956	98.31129868679491	aves	517.1975019516003	273.0	8324	248	6384	.76693897164824603555	106108213	22131811	.20857773752159976532	GCF_009769625.2_bCygOlo1.pri.v2_cds_from_genomic.fna	GCA_009769485.2_bCygOlo1.alt.v2_genomic.fna
Kryptolebias_marmoratus	99.93567333776585	100.0	99.938112033195	99.73023907442696	cyprinodontiformes	556.874534574468	312.0	15181	245	14907	.98195112311441933996	96796316	32992436	.34084392220051019297	GCF_001649575.2_ASM164957v2_cds_from_genomic.fna	GCA_001663955.1_ASM166395v1_genomic.fna
Gambusia_affinis	99.716024346318	99.879	99.72238589211621	99.52724778542088	cyprinodontiformes	539.4080843116328	309.0	15194	244	14916	.98170330393576411741	108216172	36688500	.33902973392923194511	GCF_019740435.1_SWU_Gaff_1.0_cds_from_genomic.fna	GCA_003097735.1_ASM309773v1_genomic.fna
Xiphophorus_hellerii	99.90767797091166	100.0	99.88874439461883	97.69591692576971	cyprinodontiformes	524.9828307910607	295.0	15180	246	14033	.92444005270092226613	106500711	43809392	.41135304721111204600	GCF_003331165.1_Xiphophorus_hellerii-4.1_cds_from_genomic.fna	GCA_001443345.1_Xiphophorus_hellerii-3.0.1_genomic.fna
Xiphophorus_maculatus	99.96250441069186	100.0	99.93534979423869	99.50293794518556	cyprinodontiformes	552.9795715327983	313.0	15204	246	15005	.98691133912128387266	100892845	37932543	.37596861303693041860	GCF_002775205.1_X_maculatus-5.0-male_cds_from_genomic.fna	GCA_000241075.1_Xiphophorus_maculatus-4.4.2_genomic.fna
Poecilia_reticulata					cyprinodontiformes			0	0	0		0	0		GCF_000633615.1_Guppy_female_1.0+MT_cds_from_genomic.fna	GCA_904066995.1_PRET-male-REFERENCE_genomic.fna
Fundulus_heteroclitus	99.14848952355528	99.286	99.31641908713691	98.43270330141188	cyprinodontiformes	517.8353796877085	305.0	15185	246	14859	.97853144550543299308	107089198	42973874	.40129046442200454241	GCF_011125445.2_MU-UCD_Fhet_4.1_cds_from_genomic.fna	GCA_000826765.1_Fundulus_heteroclitus-3.0.2_genomic.fna
Manacus_vitellinus	99.83513674653702	100.0	99.89835344827584	99.73871202531738	passeriformes	496.05269561961813	267.0	10789	235	10557	.97849661692464547224	49696631	21067385	.42391978240939511573	GCF_001715985.3_ASM171598v3_cds_from_genomic.fna	GCA_000692015.2_ASM69201v2_genomic.fna
Chiroxiphia_lanceolata	99.80894622776557	100.0	99.86128436018957	99.55255295140883	passeriformes	518.0626661214476	278.0	10825	248	9743	.90004618937644341801	85923794	25493670	.29670093478414139859	GCF_009829145.1_bChiLan1.pri_cds_from_genomic.fna	GCA_009829205.1_bChiLan1.alt_genomic.fna
Corvus_cornix	99.92781123701599	100.0	99.91153097345133	99.71478143586677	passeriformes	427.081208687441	262.0	10755	236	10434	.97015341701534170153	83958006	23962148	.28540634945522646166	GCF_000738735.5_ASM73873v5_cds_from_genomic.fna	GCA_002023255.2_ASM202325v2_genomic.fna
Catharus_ustulatus	99.55077400119293	99.688	99.47621100917432	98.90793352369174	passeriformes	528.5659908566886	283.0	10832	247	10030	.92596011816838995568	79762393	28158097	.35302472682834377850	GCF_009819885.2_bCatUst1.pri.v2_cds_from_genomic.fna	GCA_009819505.2_bCatUst1.alt.v2_genomic.fna
Camarhynchus_parvulus	99.93178674270743	100.0	99.82414937759337	99.65955020870238	passeriformes	529.0267389678385	285.0	10821	247	10652	.98438221975787819979	64217406	26435984	.41166384079730657448	GCF_901933205.1_STF_HiC_cds_from_genomic.fna	GCA_902806625.1_Camarhynchus_parvulus_V1.1_genomic.fna
Molothrus_ater	99.76200754330407	100.0	99.59995454545454	99.4499941941006	passeriformes	530.1671633451294	284.0	10833	247	10720	.98956890981260961875	57372938	25995578	.45309825339605233394	GCF_012460135.1_BPBGC_Mater_1.0_cds_from_genomic.fna	GCA_013401155.1_ASM1340115v1_genomic.fna
Zonotrichia_albicollis	99.64700985730397	99.859	99.5382246696035	99.6822377977757	passeriformes	505.42883965452495	269.0	10773	233	10461	.97103870788081314397	56136825	16287362	.29013685757967252333	GCF_000385455.1_Zonotrichia_albicollis-1.0.1_cds_from_genomic.fna	GCA_002850735.1_WTSP-SWSv1_genomic.fna
Serinus_canaria	99.92307310704966	100.0	99.78061181434597	99.74109254818875	passeriformes	523.7257553151809	274.0	10829	241	10693	.98744113029827315541	62344464	24526531	.39340351053463223294	GCF_007115625.1_cibio_Scana_2019_cds_from_genomic.fna	GCA_000534875.1_SCA1_genomic.fna
Gopherus_evgoodei	99.73841919114251	100.0	99.65771014492753	98.1850122243872	sauropsida	533.444410272182	277.0	7470	246	6491	.86894243641231593038	106030412	34419828	.32462222253743576889	GCF_007399415.2_rGopEvg1_v1.p_cds_from_genomic.fna	GCA_007399395.1_rGopEvg1_v1.alt_genomic.fna
Gavialis_gangeticus	99.96638579026313	100.0	99.9280701754386	99.84752822238613	sauropsida	567.7714441565525	285.0	7388	231	7240	.97996751488900920411	57089245	20764474	.36371954122006693204	GCF_001723915.1_GavGan_comp1_cds_from_genomic.fna	GCA_000775435.1_ggan_v0.2_genomic.fna
Lacerta_agilis	99.5879009708739	100.0	99.57510576923076	96.75330011133421	sauropsida	520.0113268608415	279.0	7456	246	6145	.82416845493562231759	83363160	52751810	.63279522993130298803	GCF_009819535.1_rLacAgi1.pri_cds_from_genomic.fna	GCA_009819545.1_rLacAgi1.alt_genomic.fna
Podarcis_muralis	99.25106063111484	99.455	99.20410000000003	96.97257490697415	sauropsida	493.75651095494004	287.0	7433	244	7208	.96972958428629086506	104376872	56327049	.53965067088808716168	GCF_004329235.1_PodMur_1.0_cds_from_genomic.fna	GCA_014706415.1_LU_Pmuni_1.1_genomic.fna
Varanus_komodoensis	99.96060696854664	100.0	99.91765145228216	98.86162739680255	sauropsida	562.9107917570499	289.0	7441	246	7312	.98266362048111812928	88873897	37901263	.42646113515197831372	GCF_004798865.1_ASM479886v1_cds_from_genomic.fna	GCA_007859595.1_VCOM_VKom_1.0_genomic.fna
Thamnophis_elegans	99.69606832772844	100.0	99.718625	92.91272150166742	sauropsida	505.1400183430144	274.0	7397	243	6393	.86426929836420170339	58706926	78356086	1.33469918012740098161	GCF_009769535.1_rThaEle1.pri_cds_from_genomic.fna	GCA_009769695.1_rThaEle1.alt_genomic.fna
Pseudonaja_textilis	99.78711401244871	100.0	99.75233333333335	98.60522543205272	sauropsida	563.1674510399271	291.0	7427	245	6487	.87343476504645213410	60358988	29560579	.48974610044820499641	GCF_900518735.1_EBS10Xv2-PRI_cds_from_genomic.fna	GCA_900608585.1_EBS10Xv2-ALT_genomic.fna
Notechis_scutatus	99.71398754745636	100.0	99.72512558139532	98.49144535225436	sauropsida	563.3295368261199	291.0	7417	247	6435	.86760145611433194013	59849852	28463587	.47558324789174081833	GCF_900518725.1_TS10Xv2-PRI_cds_from_genomic.fna	GCA_900608555.1_TS10Xv2-ALT_genomic.fna
Crocodylus_porosus	99.968546889887	100.0	99.96981974248928	99.87457788384934	sauropsida	573.398393902273	287.0	7412	236	7276	.98165137614678899082	60032842	24856647	.41405081238699310620	GCF_001723895.1_CroPor_comp1_cds_from_genomic.fna	GCA_000768395.2_Cpor_3.0_genomic.fna
Chrysemys_picta	99.75945438572789	100.0	99.75408298755188	98.69834828352637	sauropsida	567.8182186781997	294.0	7474	245	7385	.98809205244848809205	121593934	39459026	.32451475745492369709	GCF_000241765.4_Chrysemys_picta_BioNano-3.0.4_cds_from_genomic.fna	GCA_011386835.1_ASM1138683v1_genomic.fna
Microcaecilia_unicolor	99.73662247899155	100.0	99.66857727272725	96.49912487862824	tetrapoda	485.34600840336134	270.0	5280	247	4740	.89772727272727272727	66839262	44359180	.66366950610555813737	GCF_901765095.1_aMicUni1.1_cds_from_genomic.fna	GCA_901765105.1_aMicUni1.1_alternate_haplotype_genomic.fna
Geotrypetes_seraphini	99.59914683120678	100.0	99.37697368421053	95.11267634116585	tetrapoda	549.5459108973018	298.0	5278	246	4752	.90034103827207275483	106621274	63748569	.59789727329650928763	GCF_902459505.1_aGeoSer1.1_cds_from_genomic.fna	GCA_902459495.1_aGeoSer1.1_alternate_haplotype_genomic.fna
Rhinatrema_bivittatum	99.79108142292496	100.0	99.72655932203386	97.54607955090931	tetrapoda	515.3150197628458	281.0	5286	247	5040	.95346197502837684449	96035124	44496483	.46333550837087480618	GCF_901001135.1_aRhiBiv1.1_cds_from_genomic.fna	GCA_901001175.1_aRhiBiv1.1_alternate_haplotype_genomic.fna
Bufo_bufo	99.75550316663019	100.0	99.76538028169008	95.97946483500566	tetrapoda	519.6955667176239	269.0	5255	243	4533	.86260704091341579448	81652685	62574689	.76635188420319552259	GCF_905171765.1_aBufBuf1.1_cds_from_genomic.fna	GCA_905171715.1_aBufBuf1.1_alternate_haplotype_genomic.fna
Xenopus_tropicalis	99.87091418454484	100.0	99.87332735426006	96.20726608053668	tetrapoda	543.9310560299938	286.0	5282	246	4759	.90098447557743279060	96647903	87548450	.90584945231558723007	GCF_000004195.4_UCB_Xtro_10.0_cds_from_genomic.fna	GCA_013368275.1_ASM1336827v1_genomic.fna
Xenopus_laevis	99.95294750906656	100.0	99.95660743801655	98.07224249272676	tetrapoda	569.203283069288	292.0	5287	246	5219	.98713826366559485530	159140302	71480967	.44916948190785763369	GCF_017654675.1_Xenopus_laevis_v10.1_cds_from_genomic.fna	GCA_001663975.1_Xenopus_laevis_v2_genomic.fna
Amblyraja_radiata	99.61660228353936	100.0	99.70746202531642	97.7705955919615	vertebrata	376.5746907706946	222.0	3292	240	2079	.63153098420413122721	86767338	17335660	.19979476609043831677	GCF_010909765.2_sAmbRad1.1.pri_cds_from_genomic.fna	GCA_010909745.1_sAmbRad1.alt_genomic.fna
Latimeria_chalumnae	99.95172089507105	100.0	99.887991416309	98.68665836030229	vertebrata	497.91200483822195	259.0	3337	237	3300	.98891219658375786634	60457483	34695615	.57388454296054633964	GCF_000225785.1_LatCha1_cds_from_genomic.fna	GCA_000325985.2_LatCha_J1.0_genomic.fna
Callorhinchus_milii	99.88223843526859	100.0	99.8548454935622	99.39276902963893	vertebrata	478.67680844458243	256.0	3268	237	3197	.97827417380660954712	57675523	27626320	.47899556974975328788	GCF_018977255.1_IMCB_Cmil_1.0_cds_from_genomic.fna	GCA_000165045.2_Callorhinchus_milii-6.1.3_genomic.fna
Scyliorhinus_canicula	99.63138734419937	100.0	99.61211711711718	96.27382792552932	vertebrata	471.68999680409075	255.0	3299	242	3118	.94513488936041224613	102560245	55446443	.54062315276255434062	GCF_902713615.1_sScyCan1.1_cds_from_genomic.fna	GCA_902713625.2_sScyCan1.2_alternate_haplotype_genomic.fna
